03758 20250101  2.622  -79.09   35.97    11.9     3.1     7.5     8.0     0.0    10.46 C    16.9    -0.9     6.3    77.9    33.2    51.6   0.313   0.324   0.293   0.267   0.494     9.3     9.6    10.0    10.8    11.8
03758 20250102  2.622  -79.09   35.97     7.4    -3.0     2.2     2.0     0.0    10.73 C    14.1    -6.3     1.2    75.3    30.0    52.8   0.303   0.318   0.290   0.266   0.456     7.1     8.0     8.5    10.3    11.8
03758 20250103  2.622  -79.09   35.97     9.8    -2.1     3.8     2.6     0.0     6.49 C    14.8    -5.3     1.9    79.5    28.6    53.1   0.299   0.315   0.288   0.262   0.416     6.4     7.0     7.6     9.7    11.5
03758 20250104  2.622  -79.09   35.97     3.8    -7.1    -1.7    -1.4     0.0    10.86 C    10.2   -10.3    -2.5    71.6    23.6    42.0   0.294   0.311   0.286   0.259   0.409     4.8     5.9     6.6     9.1    11.2
03758 20250105  2.622  -79.09   35.97     6.3    -4.9     0.7    -0.2     1.7     6.06 C    13.7    -8.3    -0.4    82.6    14.5    55.0   0.293   0.309   0.284   0.257   0.404     4.4     5.1     5.7     8.3    10.9
03758 20250106  2.622  -79.09   35.97     2.6    -1.6     0.5     0.6    13.6     1.07 C     5.2    -3.5     1.1    92.4    59.9    87.1   0.333   0.338   0.308   0.282   0.452     5.2     5.5     6.1     8.0    10.5
03758 20250107  2.622  -79.09   35.97     3.5    -3.5     0.0    -0.9     0.0     9.20 C     9.9    -8.3    -1.8    70.0    38.6    56.2   0.321   0.336   0.299   0.299   0.501     4.2     4.9     5.5     7.8    10.2
03758 20250108  2.622  -79.09   35.97     1.7    -6.6    -2.5    -2.7     0.0    11.10 C    10.4   -10.3    -2.7    63.1    34.5    48.6   0.311   0.328   0.294   0.280   0.502     3.2     4.0     4.7     7.3     9.9
03758 20250109  2.622  -79.09   35.97     1.8    -5.9    -2.1    -2.5     0.0    11.17 C     9.1    -9.1    -3.0    56.5    30.7    42.9   0.306   0.322   0.292   0.273   0.503     2.8     3.5     4.2     6.8     9.6
03758 20250110  2.622  -79.09   35.97     1.8    -5.2    -1.7    -2.6     6.1     3.10 C     5.9    -8.2    -2.3    89.3    29.9    57.5   0.303   0.318   0.290   0.269   0.504     2.7     3.2     3.9     6.4     9.3
03758 20250111  2.622  -79.09   35.97     4.6    -2.8     0.9     0.1     4.4     7.41 C     8.7    -6.4    -0.8    93.1    45.4    74.3   0.344   0.347   0.322   0.335   0.504     3.7     3.8     4.4     6.2     9.0
03758 20250112  2.622  -79.09   35.97     5.3    -6.1    -0.4    -1.0     0.0    11.22 C    12.8    -8.5    -1.6    86.7    35.8    65.1   0.326   0.344   0.306   0.368   0.504     3.2     3.5     4.2     6.2     8.8
03758 20250113  2.622  -79.09   35.97    10.7    -4.1     3.3     2.8     0.0     9.43 C    16.9    -7.4     1.9    85.0    34.6    59.7   0.318   0.336   0.298   0.299   0.504     3.9     3.7     4.5     6.1     8.6
03758 20250114  2.622  -79.09   35.97     7.4    -1.9     2.7     2.7     0.0    11.66 C    14.7    -7.1     1.2    83.5    17.9    40.0   0.311   0.328   0.294   0.282   0.504     3.8     3.8     4.6     6.2     8.4
03758 20250115  2.622  -79.09   35.97     4.6    -6.5    -0.9    -1.4     0.0    11.73 C    11.1   -10.6    -1.7    60.2    19.9    36.6   0.305   0.323   0.292   0.274   0.504     3.1     3.5     4.2     6.1     8.4
03758 20250116  2.622  -79.09   35.97    10.4    -8.6     0.9     1.0     0.0     9.23 C    14.6   -11.4    -0.9    67.6    26.0    44.9   0.299   0.317   0.290   0.270   0.506     2.5     2.8     3.7     5.8     8.3
03758 20250117  2.622  -79.09   35.97    11.6    -3.7     3.9     3.9     0.0    11.65 C    18.8    -7.3     2.4    79.0    22.2    51.4   0.298   0.315   0.288   0.266   0.449     3.6     3.3     4.1     5.7     8.2
03758 20250118  2.622  -79.09   35.97    12.2     2.0     7.1     6.6     0.0     4.29 C    17.2     0.5     5.9    83.5    58.1    72.5   0.297   0.314   0.287   0.263   0.412     5.0     4.3     5.0     5.9     8.1
03758 20250119  2.622  -79.09   35.97    12.3    -0.9     5.7     7.1     3.5     2.44 C    14.3    -4.0     6.3    92.9    49.5    80.7   0.311   0.318   0.289   0.260   0.407     6.6     5.8     6.3     6.5     8.2
03758 20250120  2.622  -79.09   35.97     0.6    -6.3    -2.9    -2.6     0.0    12.23 C     9.0    -9.9    -3.2    70.0    23.1    40.7   0.315   0.322   0.293   0.260   0.407     3.9     4.6     5.2     6.8     8.3
03758 20250121  2.622  -79.09   35.97    -3.3    -9.9    -6.6    -6.5     2.0     4.41 C     4.0   -12.4    -5.7    84.4    22.6    45.3   0.303   0.318   0.291   0.260   0.407     2.2     3.1     3.8     6.2     8.3
03758 20250122  2.622  -79.09   35.97    -1.3    -9.5    -5.4    -5.7     0.0    12.23 C     6.1   -11.9    -5.2    80.3    31.0    52.0   0.307   0.318   0.290   0.259   0.406     2.7     3.0     3.7     5.7     8.1
03758 20250123  2.622  -79.09   35.97     3.1   -11.7    -4.3    -4.5     0.0     8.60 C     8.9   -12.9    -4.2    78.4    27.2    53.9   0.301   0.316   0.290   0.259   0.404     1.8     2.4     3.1     5.4     7.9
03758 20250124  2.622  -79.09   35.97     5.6    -7.5    -1.0    -1.2     0.0     8.52 C    13.0   -10.0    -2.7    77.9    27.4    52.4   0.299   0.315   0.289   0.258   0.402     1.9     2.3     3.0     5.1     7.7
03758 20250125  2.622  -79.09   35.97     9.0    -7.4     0.8    -0.1     0.0    12.44 C    16.3   -10.2    -0.8    81.3    23.8    55.4   0.296   0.313   0.288   0.258   0.399     2.2     2.3     3.0     4.9     7.5
03758 20250126  2.622  -79.09   35.97    12.1    -3.3     4.4     3.3     0.0     9.55 C    18.5    -7.5     1.7    74.5    21.3    46.8   0.295   0.312   0.286   0.257   0.397     3.0     2.7     3.5     5.0     7.4
03758 20250127  2.622  -79.09   35.97    10.6     1.7     6.1     6.5     0.0     5.64 C    18.4    -0.1     6.2    91.1    37.4    59.4   0.294   0.310   0.285   0.255   0.397     4.7     3.8     4.5     5.3     7.4
03758 20250128  2.622  -79.09   35.97    14.3     1.0     7.6     7.5     0.0    12.50 C    21.0    -2.0     5.9    92.4    18.0    51.0   0.292   0.309   0.284   0.254   0.396     5.3     4.7     5.3     5.8     7.5
03758 20250129  2.622  -79.09   35.97    20.3     3.1    11.7    11.4     0.0    12.39 C    23.7    -2.4     8.8    57.4    15.0    34.7   0.289   0.307   0.282   0.253   0.395     5.8     5.1     5.6     6.1     7.6
03758 20250130  2.622  -79.09   35.97    16.6     0.8     8.7    10.2     0.0     9.93 C    24.7    -3.0     8.9    67.8    18.2    35.7   0.286   0.305   0.280   0.251   0.395     6.6     5.8     6.3     6.5     7.8
03758 20250131  2.622  -79.09   35.97    22.9     7.1    15.0    14.1    16.9     8.68 C    26.7     6.2    13.7    92.5    37.1    68.2   0.293   0.306   0.282   0.250   0.394     9.0     7.3     7.8     7.1     8.0
03758 20250201  2.622  -79.09   35.97    15.1     6.9    11.0    11.6     1.6     7.65 C    20.8     3.3    10.2    92.8    44.7    69.0   0.329   0.341   0.307   0.362   0.494     9.7     8.8     9.1     8.2     8.4
03758 20250202  2.622  -79.09   35.97    11.3     3.6     7.5     7.0     0.0     9.25 C    20.6     3.7     8.4    73.1    45.6    56.2   0.314   0.328   0.295   0.299   0.499     8.8     8.2     8.6     8.5     8.8
03758 20250203  2.622  -79.09   35.97    19.4     1.6    10.5    10.6     0.0    12.71 C    26.0    -0.7    10.1    93.1    40.9    70.0   0.306   0.321   0.292   0.280   0.498     9.1     8.3     8.7     8.6     9.0
03758 20250204  2.622  -79.09   35.97    24.1     7.9    16.0    15.5     0.0    13.10 C    29.1     4.4    13.5    89.7    29.5    57.7   0.301   0.315   0.290   0.272   0.498    10.2     9.2     9.5     8.9     9.2
03758 20250205  2.622  -79.09   35.97    12.2     4.5     8.4     7.1     0.0     3.90 C    12.4     1.7     6.9    72.6    40.9    54.5   0.297   0.313   0.288   0.267   0.493     9.0     8.8     9.2     9.3     9.5
03758 20250206  2.622  -79.09   35.97    15.2     2.8     9.0     7.9     0.2     4.71 C    18.6     2.5     7.9    91.0    62.9    80.0   0.295   0.311   0.286   0.263   0.417     8.9     8.5     8.9     9.1     9.7
03758 20250207  2.622  -79.09   35.97    21.1     9.4    15.2    14.7     0.6    13.98 C    26.9     4.2    13.4    94.7    11.8    50.8   0.294   0.309   0.284   0.260   0.408    10.3     9.4     9.7     9.2     9.7
03758 20250208  2.622  -79.09   35.97    11.7     6.3     9.0     7.9     0.0     3.42 C    13.4     5.7     8.5    78.1    29.1    61.0   0.291   0.307   0.282   0.257   0.404     9.5     9.2     9.6     9.5     9.9
03758 20250209  2.622  -79.09   35.97    20.3     7.0    13.6    15.4     2.4    11.78 C    28.9     6.8    15.7    89.8    31.0    59.2   0.289   0.305   0.280   0.254   0.401    11.5    10.2    10.5     9.7    10.0
03758 20250210  2.622  -79.09   35.97     8.6    -0.8     3.9     4.2     4.1     7.89 C    15.6    -3.0     4.6    91.7    46.3    79.0   0.329   0.324   0.298   0.253   0.401     9.5     9.7    10.0    10.1    10.2
03758 20250211  2.622  -79.09   35.97     3.2    -1.2     1.0     1.4    19.7     1.70 C     5.7    -2.6     1.9    94.1    56.1    83.0   0.329   0.331   0.310   0.268   0.420     7.4     8.0     8.4     9.6    10.3
03758 20250212  2.622  -79.09   35.97     3.1     0.5     1.8     1.7    31.9     1.78 C     5.9     0.8     2.4    94.6    92.2    93.3   0.398   0.374   0.402   0.400   0.500     6.2     6.6     7.2     8.1    10.0
03758 20250213  2.622  -79.09   35.97    12.4     1.6     7.0     6.3     9.5     4.96 C    15.2     0.6     6.1    95.4    53.4    86.6   0.398   0.373   0.403   0.401   0.500     7.0     6.8     7.4     7.6     9.5
03758 20250214  2.622  -79.09   35.97     8.5    -2.5     3.0     2.5     0.0    14.93 C    17.6    -6.2     2.6    84.8    29.2    57.1   0.336   0.347   0.319   0.401   0.500     6.6     6.9     7.4     8.0     9.4
03758 20250215  2.622  -79.09   35.97     3.8    -0.7     1.5     2.5     6.5     0.95 C     5.4    -1.9     2.9    95.1    46.0    81.1   0.336   0.342   0.310   0.339   0.502     6.3     6.6     7.1     8.0     9.4
03758 20250216  2.622  -79.09   35.97    17.9     2.9    10.4    10.8     4.2     5.88 C    18.6     1.1     9.5    96.2    36.6    71.1   0.346   0.351   0.343   0.373   0.500     8.4     7.7     8.0     8.0     9.3
03758 20250217  2.622  -79.09   35.97     7.4    -1.7     2.9     2.5     0.0    14.38 C    16.0    -5.0     2.5    69.4    27.0    45.8   0.328   0.339   0.305   0.342   0.502     6.8     7.2     7.6     8.3     9.3
03758 20250218  2.622  -79.09   35.97     9.7    -2.7     3.5     3.0     0.0    14.29 C    21.2    -6.2     2.8    75.8    27.6    46.8   0.318   0.329   0.296   0.294   0.503     6.2     6.5     6.9     8.0     9.3
03758 20250219  2.622  -79.09   35.97     0.2    -5.2    -2.5    -2.9     7.1     1.75 C     0.7    -5.4    -3.2    83.5    44.9    70.3   0.313   0.325   0.294   0.279   0.505     4.9     5.7     6.2     7.7     9.2
03758 20250220  2.622  -79.09   35.97     0.9    -5.5    -2.3    -3.7     0.0     7.93 C     1.1    -9.6    -4.9    77.2    33.7    56.2   0.319   0.325   0.293   0.273   0.506     4.8     5.4     5.7     7.3     9.0
03758 20250221  2.622  -79.09   35.97     6.0    -7.0    -0.5    -1.4     0.0    16.80 C    13.1   -12.0    -2.6    57.8    22.5    44.1   0.332   0.330   0.301   0.271   0.503     4.0     4.7     5.1     6.8     8.8
03758 20250222  2.622  -79.09   35.97     8.9    -7.4     0.8     1.1     0.0    14.04 C    18.5   -10.6     1.4    72.8    22.8    48.1   0.325   0.329   0.300   0.275   0.505     4.3     4.4     5.0     6.5     8.6
03758 20250223  2.622  -79.09   35.97    12.8    -3.5     4.7     4.0     0.0    16.55 C    23.0    -6.8     4.1    83.9    20.8    51.7   0.315   0.323   0.295   0.273   0.504     5.6     5.3     5.8     6.6     8.4
03758 20250224  2.622  -79.09   35.97    17.0    -2.7     7.1     6.7     0.0    16.51 C    26.3    -5.7     6.4    81.9    21.0    51.3   0.306   0.319   0.292   0.270   0.486     6.5     6.0     6.5     6.8     8.4
03758 20250225  2.622  -79.09   35.97    21.1     0.2    10.6    10.2     0.0    15.57 C    28.9    -3.2     8.9    83.6    19.4    49.8   0.300   0.314   0.289   0.267   0.414     7.6     6.8     7.3     7.3     8.4
03758 20250226  2.622  -79.09   35.97    22.4     3.1    12.7    12.1     0.0    14.97 C    30.0    -0.4    10.7    78.1    19.1    49.8   0.295   0.311   0.287   0.263   0.403     8.7     7.8     8.2     7.8     8.6
03758 20250227  2.622  -79.09   35.97    22.6    11.2    16.9    14.7     1.0     8.59 C    27.5     6.0    12.4    86.0    28.2    47.6   0.291   0.307   0.284   0.260   0.402     9.6     8.7     9.0     8.4     8.9
03758 20250228  2.622  -79.09   35.97    17.0     2.5     9.7    10.7     0.0    15.71 C    25.1    -1.3     9.1    78.0    18.0    39.9   0.289   0.306   0.282   0.257   0.401     9.1     8.8     9.0     8.8     9.2
03758 20250301  2.622  -79.09   35.97    22.4     3.0    12.7    12.7     0.0    15.07 C    28.5    -1.3    11.2    68.1    11.8    34.8   0.282   0.303   0.280   0.254   0.399     9.2     8.7     9.0     8.9     9.4
03758 20250302  2.622  -79.09   35.97     8.4    -2.4     3.0     2.6     0.0    17.75 C    19.3    -6.7     3.5    57.8    18.5    35.6   0.275   0.299   0.277   0.253   0.398     8.0     8.3     8.7     9.0     9.5
03758 20250303  2.622  -79.09   35.97    12.6    -4.6     4.0     3.6     0.0    17.46 C    23.1    -7.7     4.1    72.3    15.2    42.2   0.270   0.297   0.275   0.251   0.397     7.4     7.4     7.9     8.7     9.6
03758 20250304  2.622  -79.09   35.97    18.5    -1.0     8.7    10.0     0.0    11.87 C    27.0    -4.5     9.5    81.6    31.5    55.2   0.265   0.294   0.273   0.249   0.394     8.3     7.8     8.2     8.5     9.5
03758 20250305  2.622  -79.09   35.97    19.0    12.1    15.5    15.3    28.4     4.89 C    20.7     9.3    13.7    91.0    44.7    70.7   0.316   0.327   0.332   0.306   0.445    11.6    10.3    10.2     9.4     9.5
03758 20250306  2.622  -79.09   35.97    12.2     2.3     7.2     7.2     0.0    15.97 C    19.7    -2.0     7.4    61.7    31.3    44.0   0.327   0.333   0.307   0.337   0.496     9.9     9.9    10.0    10.1     9.9
03758 20250307  2.622  -79.09   35.97    11.8    -1.3     5.2     5.6     0.0     8.90 C    18.2    -4.8     5.4    66.5    26.3    46.4   0.314   0.324   0.295   0.283   0.497     8.2     8.4     8.7     9.6    10.1
03758 20250308  2.622  -79.09   35.97    20.7     2.4    11.6    11.1     0.0    15.32 C    30.5    -0.4    10.3    80.8    19.9    45.6   0.305   0.317   0.292   0.273   0.497     9.4     8.9     9.1     9.3    10.0
03758 20250309  2.622  -79.09   35.97    14.4     2.3     8.3     7.6     0.0    13.42 C    25.0    -1.0     7.7    73.3    19.3    45.9   0.297   0.311   0.289   0.269   0.439     9.4     9.1     9.4     9.4    10.0
03758 20250310  2.622  -79.09   35.97    17.1     0.0     8.6     9.5     0.0     8.48 C    28.7    -2.7     8.6    86.2    23.8    49.9   0.292   0.308   0.286   0.264   0.411     9.1     8.9     9.2     9.5    10.1
03758 20250311  2.622  -79.09   35.97    23.2     4.7    14.0    13.7     0.0    18.87 C    31.7     0.1    12.6    60.0    15.8    37.1   0.284   0.304   0.283   0.260   0.404    10.4     9.6     9.8     9.5    10.1
03758 20250312  2.622  -79.09   35.97    26.8     4.8    15.8    16.4     0.0    18.62 C    34.8     0.4    14.5    77.2    13.3    39.2   0.273   0.298   0.278   0.256   0.400    11.4    10.4    10.7     9.9    10.2
03758 20250313  2.622  -79.09   35.97    21.8     6.7    14.3    14.4     0.0    12.31 C    32.0     3.0    13.2    78.2    28.7    53.7   0.265   0.294   0.275   0.253   0.400    11.8    11.0    11.3    10.5    10.4
03758 20250314  2.622  -79.09   35.97    16.3     7.0    11.6    10.4     0.0    11.88 C    26.7     4.0    11.5    90.4    55.2    77.6   0.263   0.291   0.272   0.251   0.397    12.0    11.3    11.5    10.8    10.7
03758 20250315  2.622  -79.09   35.97    21.4     8.7    15.1    14.1     0.0     7.34 C    27.2     8.6    14.3    95.0    58.8    82.6   0.261   0.289   0.270   0.249   0.395    12.6    11.7    11.9    11.1    10.9
03758 20250316  2.622  -79.09   35.97    21.4    15.5    18.5    18.8    16.8     4.48 C    23.6    14.4    17.9    91.4    74.5    82.7   0.305   0.307   0.286   0.248   0.392    14.5    13.2    13.2    11.6    11.1
03758 20250317  2.622  -79.09   35.97    15.6     6.1    10.9    12.1     0.8     9.38 C    21.5     1.7    11.1    94.7    35.9    61.4   0.329   0.332   0.304   0.273   0.471    13.3    13.2    13.2    12.2    11.5
03758 20250318  2.622  -79.09   35.97    20.4     2.8    11.6    11.0     0.0    20.66 C    29.3    -1.7    10.9    72.7    12.6    40.2   0.314   0.321   0.294   0.274   0.495    12.0    11.9    12.0    11.9    11.7
03758 20250319  2.622  -79.09   35.97    26.0     3.8    14.9    15.4     0.0    19.55 C    33.8     0.7    14.3    81.2    14.8    44.9   0.300   0.312   0.290   0.269   0.495    12.9    12.2    12.4    11.8    11.8
03758 20250320  2.622  -79.09   35.97    22.2     8.4    15.3    14.5     7.9    10.32 C    28.2     4.8    12.9    89.2    35.8    56.9   0.309   0.315   0.293   0.265   0.495    12.9    12.6    12.7    12.1    11.8
03758 20250321  2.622  -79.09   35.97    15.5     5.2    10.3     9.2     0.0    21.22 C    24.3     1.4    10.0    60.5    16.9    39.5   0.318   0.324   0.298   0.267   0.496    11.9    12.0    12.1    12.0    12.0
03758 20250322  2.622  -79.09   35.97    21.9     2.1    12.0    12.8     0.0    20.66 C    28.2    -1.2    11.2    78.4    11.9    36.7   0.301   0.313   0.291   0.267   0.496    11.7    11.6    11.8    11.8    12.0
03758 20250323  2.622  -79.09   35.97    20.9     3.2    12.0    13.4     0.0    19.91 C    29.6    -0.8    12.7    71.5    18.9    38.1   0.287   0.306   0.286   0.264   0.435    12.3    11.8    12.0    11.7    12.0
03758 20250324  2.622  -79.09   35.97    17.5    10.9    14.2    14.1     5.1     4.79 C    19.2     7.0    12.9    91.9    45.5    72.0   0.311   0.309   0.288   0.260   0.406    12.5    12.2    12.4    11.9    12.0
03758 20250325  2.622  -79.09   35.97    22.3     5.4    13.8    13.8     0.3    19.37 C    28.7     2.1    13.4    89.8    21.2    46.0   0.313   0.313   0.290   0.257   0.402    13.2    12.6    12.7    12.1    12.1
03758 20250326  2.622  -79.09   35.97    16.7     2.3     9.5     9.6     0.0    21.38 C    25.9    -0.3     9.6    88.8    16.2    46.8   0.298   0.307   0.285   0.256   0.400    12.2    12.3    12.5    12.2    12.2
03758 20250327  2.622  -79.09   35.97    18.4    -0.5     8.9     9.6     0.0    21.38 C    28.7    -3.0    10.2    80.0    19.9    44.9   0.284   0.300   0.280   0.254   0.398    11.9    11.8    12.0    12.0    12.2
03758 20250328  2.622  -79.09   35.97    25.2     7.8    16.5    17.2     0.0    19.43 C    31.4     4.4    16.8    73.8    23.2    41.9   0.268   0.294   0.274   0.252   0.396    13.5    12.7    12.8    12.1    12.2
03758 20250329  2.622  -79.09   35.97    25.8    15.6    20.7    20.2     0.0    17.63 C    32.8    12.7    19.8    81.5    36.4    59.7   0.255   0.286   0.270   0.249   0.394    15.5    14.2    14.3    12.7    12.3
03758 20250330  2.622  -79.09   35.97    26.2    15.0    20.6    20.1     0.0    15.11 C    34.7    12.0    20.2    83.5    39.9    65.4   0.245   0.281   0.266   0.247   0.391    16.5    15.3    15.3    13.5    12.6
03758 20250331  2.622  -79.09   35.97    26.1    16.6    21.4    20.2     6.4    11.72 C    33.4    14.7    20.6    90.9    50.0    76.9   0.255   0.278   0.267   0.245   0.390    17.5    16.3    16.2    14.1    13.0
03758 20250401  2.622  -79.09   35.97    19.6     9.7    14.6    14.2     0.0    20.61 C    29.9     6.0    15.3    91.4    35.8    59.4   0.286   0.286   0.274   0.243   0.388    16.5    16.1    16.0    14.6    13.4
03758 20250402  2.622  -79.09   35.97    22.8    10.0    16.4    16.1     0.0    11.18 C    29.3     6.3    16.6    84.9    55.2    69.3   0.266   0.283   0.266   0.241   0.387    15.9    15.4    15.4    14.6    13.7
03758 20250403  2.622  -79.09   35.97    27.2    19.9    23.6    22.7     0.0     7.46 C    29.4    16.5    21.6    89.1    52.7    73.6   0.257   0.279   0.263   0.240   0.387    17.8    16.7    16.6    14.8    13.8
03758 20250404  2.622  -79.09   35.97    30.2    19.6    24.9    23.8     1.6    13.53 C    37.0    16.2    23.3    85.0    43.9    70.5   0.250   0.277   0.260   0.239   0.387    19.3    17.8    17.7    15.4    14.1
03758 20250405  2.622  -79.09   35.97    30.0    19.2    24.6    23.9     0.0    16.94 C    34.1    16.1    23.1    90.9    42.5    65.8   0.243   0.274   0.257   0.237   0.386    19.6    18.5    18.3    16.1    14.4
03758 20250406  2.622  -79.09   35.97    28.7    19.5    24.1    23.7     0.0    15.95 C    32.6    17.4    23.0    82.7    35.3    58.3   0.226   0.270   0.253   0.235   0.385    19.6    18.7    18.6    16.5    14.8
03758 20250407  2.622  -79.09   35.97    21.6    10.5    16.1    18.5    33.8     3.45 C    21.0    10.9    18.0    91.6    70.7    86.4   0.275   0.300   0.283   0.247   0.416    18.8    18.5    18.4    16.8    15.2
03758 20250408  2.622  -79.09   35.97    14.5     5.0     9.7     9.9     0.8    20.76 C    25.6     1.8    11.7    92.4    31.4    63.3   0.329   0.333   0.322   0.387   0.489    16.7    17.0    16.9    16.6    15.4
03758 20250409  2.622  -79.09   35.97    15.1     1.4     8.3     8.0     0.0    23.52 C    26.8    -0.5    10.2    79.0    28.2    48.7   0.308   0.316   0.293   0.288   0.491    15.3    15.5    15.6    15.9    15.4
03758 20250410  2.622  -79.09   35.97    19.1     4.5    11.8    11.2     9.7    16.15 C    28.7     2.5    12.8    95.3    40.5    70.9   0.307   0.313   0.291   0.271   0.491    15.4    15.4    15.5    15.4    15.3
03758 20250411  2.622  -79.09   35.97    14.0     6.4    10.2    10.7    14.2     7.20 C    23.1     4.2    11.9    95.0    75.1    88.9   0.351   0.352   0.354   0.344   0.492    15.3    15.3    15.3    15.2    15.1
03758 20250412  2.622  -79.09   35.97 -9999.0 -9999.0 -9999.0 -9999.0 -9999.0 -9999.00 U -9999.0 -9999.0 -9999.0 -9999.0 -9999.0 -9999.0 -99.000 -99.000 -99.000 -99.000 -99.000 -9999.0 -9999.0 -9999.0 -9999.0 -9999.0
