03758 20240101  2.622  -79.09   35.97    11.0     0.3     5.6     4.1     0.0     6.79 C    19.0    -2.5     2.9    89.9    38.8    65.4   0.312   0.309   0.321   0.332   0.490     6.7     6.8     7.1     8.9    10.8
03758 20240102  2.622  -79.09   35.97     9.3    -2.1     3.6     2.8     0.0    11.09 C    16.3    -5.0     1.8    85.1    38.0    62.9   0.311   0.307   0.317   0.329   0.411     6.2     6.3     6.5     8.6    10.6
03758 20240103  2.622  -79.09   35.97    11.7    -3.6     4.1     4.2     0.0     8.94 C    17.3    -6.4     3.6    87.5    30.4    61.0   0.306   0.305   0.314   0.327   0.401     5.8     5.8     6.3     8.2    10.4
03758 20240104  2.622  -79.09   35.97     9.4    -1.8     3.8     4.4     0.0    10.72 C    16.8    -6.6     3.2    69.7    35.5    53.4   0.303   0.302   0.310   0.325   0.400     6.4     6.4     6.8     8.2    10.2
03758 20240105  2.622  -79.09   35.97     7.6    -4.6     1.5     0.5     0.0    11.39 C    15.1    -8.5    -0.2    77.9    31.7    57.9   0.298   0.300   0.306   0.323   0.400     4.9     5.1     5.5     7.9    10.1
03758 20240106  2.622  -79.09   35.97    11.8    -0.8     5.5     4.8    24.5     1.89 C    11.9    -2.1     4.7    93.3    56.4    84.3   0.354   0.336   0.361   0.370   0.447     6.0     5.8     6.4     7.4     9.8
03758 20240107  2.622  -79.09   35.97    12.7     2.4     7.6     7.7     0.0     9.00 C    17.5    -2.7     6.4    94.1    30.9    65.3   0.341   0.338   0.385   0.412   0.497     6.9     6.8     7.2     7.8     9.6
03758 20240108  2.622  -79.09   35.97     9.6    -2.0     3.8     3.9     0.0    10.30 C    16.9    -4.7     2.6    85.1    36.8    60.4   0.327   0.321   0.345   0.356   0.497     6.0     6.0     6.3     7.9     9.6
03758 20240109  2.622  -79.09   35.97    18.2     3.8    11.0    10.2    74.3     0.47 C    17.1     2.9     9.3    93.1    62.6    82.2   0.369   0.340   0.364   0.379   0.498     7.7     7.1     7.6     7.8     9.6
03758 20240110  2.622  -79.09   35.97    11.2     0.2     5.7     6.0     0.8     9.32 C    14.4    -2.8     4.7    90.1    41.9    64.3   0.367   0.347   0.382   0.426   0.498     8.2     8.1     8.3     8.6     9.7
03758 20240111  2.622  -79.09   35.97    14.6    -2.7     5.9     4.3     0.0    11.92 C    19.8    -5.6     3.0    93.9    29.8    71.4   0.331   0.327   0.360   0.390   0.498     6.4     6.5     6.8     8.4     9.8
03758 20240112  2.622  -79.09   35.97 -9999.0 -9999.0 -9999.0 -9999.0    42.0 -9999.00 U -9999.0 -9999.0 -9999.0 -9999.0 -9999.0 -9999.0 -99.000 -99.000 -99.000 -99.000 -99.000 -9999.0 -9999.0 -9999.0 -9999.0 -9999.0
03758 20240113  2.622  -79.09   35.97    16.0    -0.6     7.7     8.4     0.0    11.08 C    14.7    -6.0     6.3    92.6    28.6    54.8   0.365   0.350   0.371   0.429   0.501     8.0     7.8     8.4     8.3     9.6
03758 20240114  2.622  -79.09   35.97    13.5    -3.9     4.8     4.1     0.0    11.66 C    17.2    -8.2     1.9    82.6    23.6    52.6   0.323   0.328   0.312   0.386   0.501     5.7     6.0     6.6     8.2     9.6
03758 20240115  2.622  -79.09   35.97     6.7     1.9     4.3     3.5     0.0     3.36 C    10.5    -1.5     3.3    84.0    52.3    65.5   0.315   0.319   0.302   0.345   0.501     6.1     6.3     6.7     7.8     9.5
03758 20240116  2.622  -79.09   35.97     2.5    -5.4    -1.4     0.4     5.5     2.05 C     5.1    -7.6     0.2    94.5    46.1    76.7   0.327   0.328   0.314   0.342   0.500     5.6     6.2     6.5     7.8     9.4
03758 20240117  2.622  -79.09   35.97     2.3    -9.4    -3.5    -3.9     0.0    12.25 C     8.8   -13.3    -4.8    65.0    23.2    44.0   0.316   0.325   0.307   0.345   0.500     3.4     4.5     4.7     7.4     9.4
03758 20240118  2.622  -79.09   35.97     9.8    -6.6     1.6     1.5     0.0    11.52 C    15.5   -10.3     0.5    75.2    16.7    45.1   0.306   0.318   0.300   0.339   0.500     3.5     3.7     4.3     6.6     9.1
03758 20240119  2.622  -79.09   35.97    10.0    -3.0     3.5     3.5     0.3     9.33 C    16.9    -9.3     2.5    87.2    29.0    51.4   0.305   0.314   0.298   0.335   0.501     4.9     4.9     5.4     6.5     8.8
03758 20240120  2.622  -79.09   35.97    -0.2    -7.6    -3.9    -3.8     0.0    12.17 C     8.5   -10.6    -4.4    65.5    26.1    40.7   0.298   0.311   0.296   0.332   0.450     2.9     3.7     4.2     6.5     8.7
03758 20240121  2.622  -79.09   35.97     3.6    -9.1    -2.8    -3.8     0.0    12.64 C    12.6   -13.3    -4.4    66.7    26.1    44.5   0.301   0.310   0.294   0.330   0.403     2.0     2.8     3.2     5.9     8.5
03758 20240122  2.622  -79.09   35.97     9.1    -8.5     0.3    -0.5     0.0    12.23 C    17.2   -11.7    -1.8    78.2    17.7    48.7   0.293   0.307   0.293   0.328   0.401     2.2     2.4     3.1     5.4     8.2
03758 20240123  2.622  -79.09   35.97     9.6    -2.1     3.7     4.4     0.5     3.08 C    12.9    -5.9     4.0    88.1    34.8    67.3   0.285   0.307   0.292   0.326   0.400     3.6     3.3     3.9     5.3     8.0
03758 20240124  2.622  -79.09   35.97    20.5     5.8    13.2    13.2     0.6     6.75 C    24.6     5.4    13.3    91.5    60.9    78.6   0.286   0.306   0.291   0.325   0.399     7.2     5.7     6.3     5.9     7.9
03758 20240125  2.622  -79.09   35.97    19.5    16.9    18.2    18.2     7.1     1.34 C    19.8    15.9    17.3    92.8    87.7    90.8   0.305   0.315   0.304   0.324   0.398    10.4     8.6     9.3     7.2     8.1
03758 20240126  2.622  -79.09   35.97    22.1    15.0    18.6    18.3     0.9     4.34 C    24.9    11.2    16.8    93.0    67.6    85.9   0.321   0.331   0.314   0.339   0.448    12.0    10.4    11.1     8.5     8.6
03758 20240127  2.622  -79.09   35.97    17.3    11.0    14.2    14.2    22.1     4.11 C    20.5     8.5    13.2    94.3    68.3    84.0   0.326   0.331   0.328   0.360   0.497    11.2    10.4    10.9     9.4     9.2
03758 20240128  2.622  -79.09   35.97    18.3     6.0    12.2    11.6     4.6     4.76 C    20.5     2.1    11.0    95.4    50.1    78.0   0.374   0.361   0.384   0.445   0.498    11.6    11.1    11.4    10.2     9.8
03758 20240129  2.622  -79.09   35.97    12.5     3.4     7.9     7.2     0.0    11.81 C    19.2    -1.7     5.8    68.9    38.8    53.7   0.317   0.332   0.316   0.404   0.499     9.0     9.5     9.5    10.0    10.1
03758 20240130  2.622  -79.09   35.97    10.5    -2.0     4.2     4.3     0.0    12.24 C    19.8    -5.9     4.0    88.5    42.3    65.7   0.308   0.321   0.306   0.348   0.498     7.7     8.0     8.3     9.4    10.2
03758 20240131  2.622  -79.09   35.97     7.2     2.8     5.0     4.7     4.2     3.25 C    10.8    -0.9     4.6    93.5    68.1    87.5   0.320   0.329   0.313   0.342   0.499     7.8     8.0     8.3     9.1    10.1
03758 20240201  2.622  -79.09   35.97    12.9    -1.3     5.8     5.4     0.0    13.63 C    21.5    -4.8     4.6    96.0    41.3    75.0   0.311   0.323   0.308   0.343   0.499     7.4     7.4     7.9     8.8    10.0
03758 20240202  2.622  -79.09   35.97    17.3     4.6    10.9    10.6     0.0    11.39 C    25.7    -0.6     9.2    82.1    34.2    52.3   0.304   0.316   0.302   0.339   0.499     8.2     7.9     8.3     8.6     9.9
03758 20240203  2.622  -79.09   35.97    11.5    -1.0     5.3     4.7     0.0    13.93 C    21.1    -5.0     3.8    83.5    35.3    61.1   0.298   0.313   0.299   0.335   0.499     7.4     7.5     8.0     8.7     9.8
03758 20240204  2.622  -79.09   35.97    12.2    -2.7     4.7     4.5     0.0    13.44 C    21.5    -6.4     3.5    88.7    31.4    62.0   0.294   0.310   0.298   0.332   0.442     6.7     6.7     7.3     8.4     9.8
03758 20240205  2.622  -79.09   35.97    13.6    -1.1     6.2     6.1     0.0    13.98 C    22.9    -4.6     4.6    86.3    24.7    53.4   0.291   0.307   0.295   0.330   0.404     6.7     6.6     7.3     8.2     9.6
03758 20240206  2.622  -79.09   35.97     9.9     0.5     5.2     4.6     0.0    14.42 C    18.9    -5.2     3.8    68.9    30.7    49.2   0.291   0.304   0.293   0.327   0.401     6.4     6.5     7.1     8.0     9.5
03758 20240207  2.622  -79.09   35.97    11.5    -2.4     4.6     3.5     0.0    14.52 C    20.6    -7.1     2.5    75.5    26.3    47.3   0.291   0.303   0.292   0.326   0.400     5.9     6.0     6.6     7.8     9.4
03758 20240208  2.622  -79.09   35.97    14.1    -2.9     5.6     5.3     0.0    12.16 C    22.8    -6.9     4.7    85.9    28.1    58.7   0.287   0.300   0.291   0.324   0.398     6.1     5.8     6.6     7.6     9.3
03758 20240209  2.622  -79.09   35.97    13.2     5.5     9.3     9.6     1.2     3.39 C    14.6     3.1     8.3    90.0    43.6    60.5   0.285   0.298   0.289   0.322   0.397     7.2     6.9     7.5     7.7     9.2
03758 20240210  2.622  -79.09   35.97    23.4     8.3    15.9    15.2     0.4    10.16 C    28.1     4.5    14.1    93.2    46.1    74.3   0.289   0.299   0.288   0.321   0.394     9.7     8.5     9.0     8.2     9.2
03758 20240211  2.622  -79.09   35.97    15.2    11.8    13.5    13.5     7.4     2.42 C    18.8     9.9    12.9    95.2    87.2    92.9   0.314   0.313   0.306   0.321   0.393    10.8     9.9    10.4     9.0     9.4
03758 20240212  2.622  -79.09   35.97    14.3    12.0    13.1    13.0     6.1     1.13 C    15.0    11.3    12.6    95.3    93.2    94.5   0.327   0.324   0.312   0.328   0.392    11.0    10.2    10.7     9.6     9.8
03758 20240213  2.622  -79.09   35.97    14.7     1.1     7.9    10.3     1.7    15.50 C    20.9    -3.4     9.3    93.3    21.7    58.2   0.332   0.333   0.323   0.352   0.482    10.7    10.4    10.8    10.0    10.1
03758 20240214  2.622  -79.09   35.97    15.5    -0.5     7.5     7.2     0.0    15.20 C    23.7    -4.4     5.7    84.8    27.3    57.2   0.315   0.320   0.306   0.347   0.495     8.5     8.7     9.1     9.8    10.3
03758 20240215  2.622  -79.09   35.97    19.0    -0.2     9.4     9.9     0.0    14.83 C    25.3    -4.0     8.7    88.6    24.4    53.5   0.309   0.314   0.300   0.339   0.495     8.6     8.4     8.9     9.4    10.3
03758 20240216  2.622  -79.09   35.97    14.6     6.0    10.3    10.9     0.0     8.97 C    20.4     0.2     8.4    68.9    18.2    42.0   0.306   0.310   0.298   0.335   0.495     8.9     8.8     9.2     9.4    10.2
03758 20240217  2.622  -79.09   35.97    10.1     0.0     5.1     6.7     0.0    12.20 C    17.7    -2.4     6.5    77.9    24.8    46.3   0.302   0.307   0.295   0.332   0.469     8.5     8.7     9.0     9.4    10.2
03758 20240218  2.622  -79.09   35.97     8.3    -2.7     2.8     2.2     0.0    10.78 C    16.4    -6.6     1.5    56.4    21.7    40.1   0.298   0.303   0.294   0.330   0.410     6.9     7.5     7.8     9.1    10.2
03758 20240219  2.622  -79.09   35.97    12.8    -3.5     4.6     4.6     0.0    16.57 C    24.0    -8.3     3.7    73.4    21.5    46.2   0.294   0.301   0.292   0.327   0.401     6.8     6.9     7.5     8.6    10.0
03758 20240220  2.622  -79.09   35.97    12.8    -3.1     4.8     4.6     0.0    15.55 C    23.4    -7.5     3.7    82.7    27.9    56.2   0.290   0.298   0.290   0.325   0.400     6.7     6.6     7.4     8.3     9.9
03758 20240221  2.622  -79.09   35.97    13.5    -1.8     5.9     4.8     0.0    16.23 C    23.9    -6.2     4.6    89.4    32.8    63.2   0.286   0.295   0.289   0.323   0.398     6.9     6.7     7.4     8.2     9.7
03758 20240222  2.622  -79.09   35.97    18.7    -0.8     8.9     9.7     0.0    14.06 C    23.9    -4.6     8.7    87.2    26.3    52.7   0.282   0.292   0.287   0.321   0.396     7.6     7.1     7.9     8.2     9.6
03758 20240223  2.622  -79.09   35.97    13.5     3.9     8.7    10.1     6.6     2.38 C    13.9     0.1     8.1    95.0    42.6    78.7   0.299   0.301   0.297   0.320   0.393     8.6     8.3     8.8     8.5     9.6
03758 20240224  2.622  -79.09   35.97    13.5     2.8     8.1     6.8     3.3    11.27 C    21.6    -1.3     5.3    94.9    37.5    71.1   0.318   0.315   0.307   0.319   0.392     7.8     7.8     8.2     8.6     9.7
03758 20240225  2.622  -79.09   35.97    11.1    -1.8     4.7     4.7     0.0    17.07 C    21.8    -5.1     5.1    83.5    35.0    60.3   0.320   0.318   0.309   0.320   0.391     7.7     7.6     8.1     8.6     9.7
03758 20240226  2.622  -79.09   35.97    21.1     3.1    12.1    12.1     0.0    12.75 C    27.7    -1.8    10.5    74.2    25.2    46.9   0.310   0.312   0.302   0.321   0.390     8.6     8.1     8.6     8.6     9.7
03758 20240227  2.622  -79.09   35.97    15.3     9.8    12.5    13.0     1.4     2.93 C    16.7     5.6    11.1    88.1    45.1    67.6   0.308   0.309   0.298   0.322   0.390     9.2     8.9     9.2     9.0     9.7
03758 20240228  2.622  -79.09   35.97    19.9     7.7    13.8    16.0    11.5     2.79 C    19.4     3.0    14.0    89.0    25.7    62.3   0.316   0.317   0.305   0.329   0.403    10.9    10.2    10.5     9.4     9.9
03758 20240229  2.622  -79.09   35.97    10.3     0.9     5.6     5.1     0.0    15.41 C    19.7    -3.5     5.4    75.3    23.8    43.8   0.321   0.325   0.309   0.354   0.492     9.3     9.6     9.8     9.8    10.1
03758 20240301  2.622  -79.09   35.97    12.2    -0.7     5.8     6.3    16.8     4.67 C    16.2    -3.8     6.4    93.4    38.5    72.5   0.323   0.323   0.313   0.350   0.494     8.4     8.5     8.9     9.5    10.2
03758 20240302  2.622  -79.09   35.97    18.1     8.5    13.3    11.6    17.0    11.87 C    26.4     6.3    12.7    95.2    62.5    87.6   0.392   0.363   0.392   0.455   0.495    10.7     9.8    10.2     9.4    10.2
03758 20240303  2.622  -79.09   35.97    20.7     9.2    14.9    13.8     0.0    10.28 C    30.5     5.3    13.5    95.4    46.6    81.4   0.336   0.334   0.319   0.433   0.495    11.6    10.7    11.2    10.0    10.3
03758 20240304  2.622  -79.09   35.97    21.2     7.9    14.5    14.2     0.0    11.07 C    32.9     5.6    14.3    95.2    44.1    75.3   0.325   0.322   0.307   0.357   0.495    11.9    11.2    11.6    10.4    10.5
03758 20240305  2.622  -79.09   35.97    17.5    12.0    14.8    13.5     2.0     6.64 C    23.2     9.0    13.4    93.8    68.6    86.5   0.325   0.323   0.305   0.344   0.497    12.6    12.0    12.3    10.9    10.7
03758 20240306  2.622  -79.09   35.97    14.5    11.6    13.1    12.9     5.2     2.77 C    16.8     9.4    12.7    95.5    86.8    93.2   0.333   0.327   0.311   0.340   0.498    12.3    11.9    12.2    11.3    11.0
03758 20240307  2.622  -79.09   35.97    21.5    11.0    16.2    14.8     0.9    13.79 C    33.1     6.9    15.2    94.8    43.4    75.6   0.341   0.334   0.317   0.355   0.497    13.4    12.5    12.9    11.4    11.2
03758 20240308  2.622  -79.09   35.97    17.7    10.6    14.2    13.6     0.0    12.52 C    28.9     6.9    14.3    84.3    50.8    66.6   0.326   0.321   0.304   0.346   0.497    13.2    12.7    13.1    11.8    11.5
03758 20240309  2.622  -79.09   35.97    17.5     7.9    12.7    11.2    23.3     1.11 C    17.3     7.8    11.0    94.5    66.3    90.6   0.376   0.353   0.365   0.396   0.498    12.3    12.4    12.6    12.0    11.7
03758 20240310  2.622  -79.09   35.97    14.6     5.4    10.0    10.0     0.0    20.03 C    23.1    -0.4     9.9    94.5    18.3    46.1   0.345   0.346   0.339   0.438   0.498    11.7    11.9    12.0    11.9    11.8
03758 20240311  2.622  -79.09   35.97    16.1     0.2     8.1     8.2     0.0    20.34 C    24.9    -4.8     7.3    65.9    12.8    33.4   0.327   0.324   0.306   0.360   0.499    10.2    10.6    10.7    11.5    11.9
03758 20240312  2.622  -79.09   35.97    22.4     0.3    11.3    11.5     0.0    20.48 C    32.2    -3.9    10.1    82.7    10.9    40.9   0.318   0.316   0.300   0.341   0.498    10.6    10.3    10.8    11.1    11.7
03758 20240313  2.622  -79.09   35.97    24.2     4.0    14.1    13.9     0.0    19.87 C    34.6    -0.2    13.0    79.8    14.3    45.0   0.311   0.311   0.297   0.335   0.491    11.6    10.9    11.5    11.1    11.6
03758 20240314  2.622  -79.09   35.97    27.0     5.1    16.0    16.8     0.0    19.01 C    34.2     1.2    15.5    80.8    19.4    45.5   0.301   0.305   0.294   0.331   0.410    12.5    11.6    12.2    11.3    11.6
03758 20240315  2.622  -79.09   35.97    21.6    13.5    17.5    16.6     1.7     6.20 C    25.0     9.5    15.0    93.8    41.4    68.7   0.296   0.300   0.292   0.329   0.401    12.9    12.4    12.8    11.7    11.7
03758 20240316  2.622  -79.09   35.97    21.8    13.2    17.5    16.4     0.0    17.42 C    32.8     8.4    16.8    92.9    38.9    67.5   0.297   0.299   0.290   0.326   0.399    14.2    13.2    13.6    12.1    11.9
03758 20240317  2.622  -79.09   35.97    21.8    12.4    17.1    16.9     0.0    13.74 C    30.8    11.4    16.9    93.9    32.8    61.2   0.292   0.296   0.289   0.324   0.398    14.5    13.7    14.2    12.6    12.1
03758 20240318  2.622  -79.09   35.97    17.3     4.2    10.8    11.6     0.0    17.98 C    27.6     1.1    12.4    41.6    16.4    27.5   0.284   0.291   0.286   0.322   0.396    13.2    13.2    13.6    12.8    12.3
03758 20240319  2.622  -79.09   35.97    12.6    -1.1     5.7     6.2     0.0    21.25 C    22.5    -5.6     7.1    59.3    21.8    35.5   0.278   0.288   0.283   0.320   0.395    11.3    11.5    12.0    12.4    12.5
03758 20240320  2.622  -79.09   35.97    21.7     1.6    11.7    12.9     0.0    20.78 C    30.2    -2.8    11.6    68.5    15.7    35.0   0.272   0.282   0.280   0.318   0.392    11.7    11.3    11.9    11.9    12.4
03758 20240321  2.622  -79.09   35.97    18.0     6.4    12.2    11.3     0.0    21.05 C    30.0     1.0    11.2    67.6    19.0    40.1   0.266   0.277   0.277   0.315   0.391    12.2    11.6    12.3    11.9    12.3
03758 20240322  2.622  -79.09   35.97    19.2     4.1    11.7    11.0    10.0    11.76 C    30.4     0.3    12.0    93.3    53.4    78.8   0.266   0.274   0.282   0.314   0.391    12.2    11.6    12.3    11.9    12.2
03758 20240323  2.622  -79.09   35.97    19.1     5.3    12.2    13.5    14.3    10.65 C    28.7     2.3    14.1    94.8    46.4    73.8   0.323   0.321   0.320   0.340   0.456    13.6    13.0    13.4    12.2    12.2
03758 20240324  2.622  -79.09   35.97    12.3     1.0     6.6     6.0     0.0    22.41 C    25.6    -2.2     7.2    71.8    25.5    45.2   0.310   0.314   0.302   0.340   0.495    11.3    11.7    12.0    12.3    12.4
03758 20240325  2.622  -79.09   35.97    15.6    -1.4     7.1     7.4     0.0    20.93 C    27.7    -4.5     8.2    86.7    27.0    56.4   0.303   0.308   0.298   0.336   0.495    11.0    10.8    11.4    11.8    12.4
03758 20240326  2.622  -79.09   35.97    15.9     2.3     9.1     9.6     0.6    11.42 C    23.9    -1.2    10.1    87.4    37.5    62.3   0.297   0.302   0.294   0.332   0.443    11.1    10.9    11.4    11.6    12.2
03758 20240327  2.622  -79.09   35.97    12.7     9.0    10.8    10.0    58.7     1.31 C    11.6     8.7    10.0    94.2    64.5    89.9   0.377   0.341   0.363   0.387   0.466    11.3    11.3    11.6    11.5    12.1
03758 20240328  2.622  -79.09   35.97    15.6     8.6    12.1    10.7     3.5     7.48 C    21.2     2.0    10.2    93.9    31.0    74.0   0.388   0.358   0.387   0.429   0.498    11.3    11.2    11.4    11.4    12.1
03758 20240329  2.622  -79.09   35.97    21.1     2.0    11.6    12.0     0.0    21.28 C    28.5    -1.5    10.5    81.9    20.2    45.6   0.332   0.329   0.311   0.391   0.498    11.2    11.0    11.4    11.4    12.0
03758 20240330  2.622  -79.09   35.97    24.6     6.4    15.5    16.2     0.0    21.34 C    32.0     1.9    14.7    79.8    15.6    41.8   0.316   0.315   0.301   0.345   0.498    12.4    11.8    12.2    11.5    12.0
03758 20240331  2.622  -79.09   35.97    28.4    11.2    19.8    20.2     0.0    21.06 C    36.6     5.6    18.6    63.7    26.5    43.4   0.306   0.306   0.297   0.337   0.498    14.2    13.1    13.6    12.0    12.1
03758 20240401  2.622  -79.09   35.97    27.5    14.5    21.0    20.9     0.0    14.24 C    33.7    10.7    19.5    81.4    39.9    59.2   0.297   0.298   0.292   0.333   0.449    15.3    14.4    14.8    12.8    12.3
03758 20240402  2.622  -79.09   35.97    29.6    15.4    22.5    22.5     0.0    16.88 C    35.7    11.5    21.5    93.0    35.6    63.1   0.289   0.289   0.288   0.330   0.404    16.6    15.5    15.9    13.5    12.7
03758 20240403  2.622  -79.09   35.97    26.0    11.7    18.8    20.2     4.8    13.82 C    30.6     6.8    19.1    91.4    21.3    55.4   0.291   0.289   0.289   0.327   0.400    16.7    16.2    16.5    14.2    13.0
03758 20240404  2.622  -79.09   35.97    14.7     4.1     9.4     9.4     0.0    11.67 C    23.2    -0.8     8.0    74.4    28.8    45.7   0.290   0.290   0.288   0.324   0.399    13.2    14.1    14.2    14.2    13.4
03758 20240405  2.622  -79.09   35.97    15.0     2.0     8.5     9.1     0.0    19.71 C    27.1    -2.2     9.2    79.0    30.0    46.3   0.284   0.285   0.284   0.321   0.396    12.5    12.7    13.0    13.4    13.5
03758 20240406  2.622  -79.09   35.97    15.9     2.8     9.3     9.3     0.0    23.35 C    28.6    -2.5    10.3    58.2    26.5    40.7   0.277   0.280   0.280   0.319   0.394    12.5    12.5    12.8    13.0    13.3
03758 20240407  2.622  -79.09   35.97    19.0     2.6    10.8    10.5     0.0    23.79 C    31.2    -1.6    11.4    77.1    21.9    49.5   0.270   0.275   0.276   0.316   0.392    13.0    12.5    13.0    12.8    13.2
03758 20240408  2.622  -79.09   35.97    23.6     3.5    13.6    15.1     0.0    19.37 C    34.0     0.0    14.5    87.2    31.0    55.4   0.263   0.269   0.271   0.315   0.390    14.1    13.1    13.7    12.8    13.1
03758 20240409  2.622  -79.09   35.97    18.3    12.6    15.4    15.5     0.4     5.75 C    20.4     9.0    14.0    85.1    56.3    71.5   0.258   0.266   0.267   0.313   0.389    14.2    13.7    14.1    13.2    13.1
03758 20240410  2.622  -79.09   35.97    22.9    13.5    18.2    17.2     0.6     8.70 C    28.8    11.9    16.7    91.4    60.8    81.4   0.258   0.266   0.265   0.311   0.388    15.5    14.4    14.7    13.4    13.2
03758 20240411  2.622  -79.09   35.97    22.3    16.8    19.6    18.9     7.6     3.19 C    23.7    14.6    17.9    89.8    70.6    82.9   0.265   0.268   0.270   0.310   0.387    16.0    15.0    15.3    13.8    13.3
03758 20240412  2.622  -79.09   35.97    20.8    11.5    16.2    16.2     2.3    21.45 C    28.6     8.5    16.3    89.7    22.6    50.6   0.304   0.287   0.300   0.310   0.386    16.1    15.5    15.7    14.2    13.6
03758 20240413  2.622  -79.09   35.97    22.0     7.9    15.0    14.5     0.0    24.55 C    30.7     3.3    14.6    75.2    18.9    44.6   0.285   0.282   0.285   0.310   0.386    15.3    14.9    15.2    14.3    13.8
03758 20240414  2.622  -79.09   35.97    27.3     5.1    16.2    18.0     0.0    24.18 C    35.1     1.5    17.7    85.8    23.2    46.9   0.271   0.274   0.275   0.309   0.386    16.0    14.9    15.4    14.2    13.9
03758 20240415  2.622  -79.09   35.97    30.2    12.1    21.1    21.7     0.0    23.42 C    37.6     6.9    20.4    77.6    25.6    47.3   0.257   0.264   0.267   0.309   0.385    17.8    16.1    16.6    14.6    13.9
03758 20240416  2.622  -79.09   35.97    26.7    13.4    20.1    20.8     0.0    19.83 C    37.0    10.1    20.9    85.8    45.8    61.0   0.244   0.256   0.261   0.307   0.385    18.7    17.0    17.5    15.1    14.1
03758 20240417  2.622  -79.09   35.97    25.1    15.1    20.1    20.2     0.0     8.90 C    28.1    11.3    19.2    80.9    55.2    65.2   0.238   0.249   0.256   0.305   0.384    18.0    17.2    17.5    15.6    14.4
03758 20240418  2.622  -79.09   35.97    28.7    13.7    21.2    21.1     0.0    24.15 C    37.3     9.5    21.2    87.0    29.3    59.0   0.230   0.242   0.252   0.303   0.384    19.2    17.7    18.0    15.8    14.7
03758 20240419  2.622  -79.09   35.97    22.7    14.0    18.4    17.5     0.0    12.99 C    33.6    10.0    17.9    94.5    63.4    79.2   0.220   0.234   0.248   0.302   0.383    18.3    17.5    17.9    16.1    14.9
03758 20240420  2.622  -79.09   35.97    24.6    14.5    19.6    18.9     0.0    16.39 C    35.6    12.0    20.1    94.5    36.3    73.4   0.213   0.229   0.244   0.299   0.382    19.1    17.9    18.1    16.2    15.1
03758 20240421  2.622  -79.09   35.97    17.0     6.6    11.8    10.7    10.0     3.61 C    14.0     3.4    10.6    94.8    31.8    75.3   0.229   0.228   0.257   0.297   0.382    15.7    16.6    16.8    16.3    15.3
03758 20240422  2.622  -79.09   35.97    15.6     2.9     9.2     9.1     0.0    24.28 C    27.6    -0.2    11.7    95.1    26.3    67.3   0.249   0.240   0.261   0.295   0.382    15.6    15.5    15.8    15.6    15.3
03758 20240423  2.622  -79.09   35.97    21.5     1.7    11.6    12.5     0.0    25.72 C    31.8    -1.2    13.2    93.0    28.0    58.3   0.235   0.239   0.252   0.294   0.381    15.5    15.1    15.6    15.2    15.1
03758 20240424  2.622  -79.09   35.97    21.1     9.4    15.3    14.3     0.3    12.54 C    28.4     5.6    13.9    94.9    46.7    69.7   0.228   0.235   0.247   0.293   0.381    15.6    15.4    15.8    15.2    15.0
03758 20240425  2.622  -79.09   35.97    23.2     8.5    15.9    15.8     0.0    23.50 C    35.3     4.3    17.0    95.0    34.5    62.6   0.220   0.230   0.244   0.291   0.380    16.8    15.7    16.2    15.1    14.9
03758 20240426  2.622  -79.09   35.97    21.6     8.3    14.9    14.2     0.0    20.06 C    32.4     6.6    16.4    87.2    46.1    69.0   0.211   0.224   0.241   0.290   0.379    17.3    16.4    16.8    15.4    14.9
03758 20240427  2.622  -79.09   35.97    24.3    12.1    18.2    17.3     0.0    17.56 C    34.5     8.8    18.6    85.0    45.1    66.7   0.202   0.218   0.237   0.289   0.379    18.2    17.0    17.4    15.7    15.1
03758 20240428  2.622  -79.09   35.97    25.2    12.4    18.8    19.1     0.0    21.33 C    34.2     9.3    19.5    95.0    48.7    72.3   0.191   0.210   0.233   0.288   0.378    18.9    17.6    18.0    16.1    15.2
03758 20240429  2.622  -79.09   35.97    26.9    14.5    20.7    19.9     0.0    25.36 C    36.2    10.6    20.5    89.3    35.7    64.6   0.178   0.201   0.228   0.286   0.378    19.7    18.2    18.7    16.4    15.4
03758 20240430  2.622  -79.09   35.97    25.5    14.8    20.2    20.3     0.0    19.45 C    34.9    12.1    20.9    89.5    47.9    70.3   0.166   0.192   0.223   0.285   0.377    19.9    18.6    19.0    16.8    15.6
03758 20240501  2.622  -79.09   35.97    27.6    13.9    20.7    20.5     0.0    21.69 C    40.2    10.8    21.4    95.1    41.5    71.6   0.157   0.184   0.218   0.284   0.377    20.3    19.0    19.4    17.1    15.9
03758 20240502  2.622  -79.09   35.97    30.5    12.8    21.7    21.8     0.0    26.04 C    40.9     9.9    22.9    94.3    29.3    64.0   0.144   0.173   0.211   0.281   0.376    21.0    19.3    19.8    17.4    16.1
03758 20240503  2.622  -79.09   35.97    30.4    16.1    23.3    22.7     6.2    20.78 C    41.7    12.5    23.8    93.9    38.1    72.2   0.134   0.162   0.211   0.279   0.375    21.6    19.9    20.4    17.8    16.3
03758 20240504  2.622  -79.09   35.97    19.8    16.7    18.2    18.2    11.6     4.98 C    23.6    16.6    18.8    94.8    89.6    93.4   0.170   0.170   0.242   0.277   0.375    20.3    19.9    20.0    18.1    16.5
03758 20240505  2.622  -79.09   35.97    23.1    16.8    20.0    19.4    36.1     9.00 C    29.0    16.0    19.7    96.2    78.3    92.7   0.297   0.288   0.312   0.310   0.386    20.2    19.5    19.6    18.1    16.7
03758 20240506  2.622  -79.09   35.97    24.7    16.9    20.8    20.5     7.9     9.51 C    28.7    14.9    20.9    96.2    73.3    88.8   0.309   0.312   0.308   0.334   0.432    20.9    20.0    20.2    18.3    16.9
03758 20240507  2.622  -79.09   35.97    27.9    17.3    22.6    21.9     0.6    21.86 C    35.6    16.6    23.1    95.7    55.9    82.5   0.304   0.309   0.300   0.340   0.486    22.3    20.7    21.0    18.5    17.1
03758 20240508  2.622  -79.09   35.97    29.6    18.0    23.8    22.8     0.5    15.53 C    36.1    15.8    22.7    95.4    53.0    80.3   0.289   0.295   0.287   0.332   0.459    22.4    21.3    21.6    19.0    17.3
03758 20240509  2.622  -79.09   35.97    25.9    17.4    21.7    20.8     1.2    17.40 C    33.6    16.2    21.5    95.0    60.4    80.9   0.283   0.289   0.281   0.326   0.415    22.2    21.3    21.5    19.3    17.6
03758 20240510  2.622  -79.09   35.97    27.1    13.7    20.4    20.1     0.2    20.10 C    34.9     9.1    20.4    94.4    35.7    66.5   0.270   0.278   0.275   0.322   0.399    21.7    21.2    21.4    19.5    17.8
03758 20240511  2.622  -79.09   35.97    21.8     8.0    14.9    15.3     0.0    21.98 C    32.5     5.9    16.4    89.3    33.8    61.1   0.257   0.269   0.268   0.319   0.394    19.7    20.0    20.1    19.3    17.9
03758 20240512  2.622  -79.09   35.97    23.9     9.9    16.9    16.6     0.0    27.20 C    33.3     6.5    17.2    93.6    27.7    62.0   0.243   0.261   0.260   0.315   0.388    19.8    19.7    19.9    18.9    17.9
03758 20240513  2.622  -79.09   35.97    23.2     7.4    15.3    16.6     0.0    16.34 C    28.9     4.7    16.9    90.8    46.3    68.9   0.231   0.253   0.255   0.311   0.385    19.0    19.0    19.3    18.6    17.8
03758 20240514  2.622  -79.09   35.97    18.6    15.3    16.9    16.8    46.1     2.05 C    19.1    13.9    16.6    93.5    77.7    91.2   0.292   0.293   0.309   0.343   0.413    18.8    19.0    19.1    18.5    17.7
03758 20240515  2.622  -79.09   35.97    23.8    14.9    19.3    17.8     0.6    12.31 C    29.9    14.2    18.7    95.1    62.0    87.0   0.319   0.324   0.328   0.412   0.487    19.5    19.1    19.0    18.3    17.7
03758 20240516  2.622  -79.09   35.97    26.3    16.4    21.3    20.1     2.7    22.09 C    33.4    14.5    21.5    94.9    50.9    79.3   0.310   0.313   0.300   0.353   0.488    21.1    20.0    20.1    18.4    17.7
03758 20240517  2.622  -79.09   35.97    25.6    14.6    20.1    20.3     2.9    12.12 C    31.8    12.5    20.6    94.9    63.6    84.6   0.300   0.302   0.291   0.338   0.489    20.7    20.1    20.2    18.8    17.8
03758 20240518  2.622  -79.09   35.97    26.0    16.0    21.0    20.3    21.4     9.60 C    31.0    15.7    20.8    94.3    65.2    87.8   0.328   0.325   0.328   0.360   0.489    21.3    20.6    20.7    19.1    17.9
03758 20240519  2.622  -79.09   35.97    23.0    13.6    18.3    17.5     0.0    14.86 C    30.2    11.4    18.5    95.2    63.3    83.0   0.330   0.337   0.342   0.416   0.490    20.7    20.4    20.3    19.3    18.1
03758 20240520  2.622  -79.09   35.97    25.5    11.9    18.7    18.4     0.0    23.83 C    35.1     9.7    19.6    95.6    48.3    79.1   0.308   0.311   0.297   0.353   0.490    20.8    20.3    20.2    19.1    18.2
03758 20240521  2.622  -79.09   35.97    28.2    12.1    20.2    20.2     0.0    27.53 C    36.0     9.7    21.3    95.5    41.0    73.3   0.289   0.299   0.286   0.336   0.490    21.3    20.6    20.7    19.2    18.3
03758 20240522  2.622  -79.09   35.97    29.4    14.1    21.7    22.0     0.0    26.19 C    36.5    11.4    22.4    94.6    45.5    72.7   0.269   0.283   0.277   0.329   0.433    22.3    21.3    21.4    19.5    18.3
03758 20240523  2.622  -79.09   35.97    30.2    17.6    23.9    23.1     0.0    23.61 C    37.1    14.6    23.9    92.2    47.5    73.3   0.252   0.270   0.267   0.324   0.398    23.2    22.1    22.2    19.9    18.5
03758 20240524  2.622  -79.09   35.97    28.4    18.3    23.4    22.1     0.0    15.91 C    35.9    16.0    22.5    95.4    53.3    82.2   0.239   0.262   0.261   0.320   0.394    22.9    22.3    22.4    20.3    18.7
03758 20240525  2.622  -79.09   35.97    29.6    16.9    23.2    22.8     0.0    19.59 C    37.4    14.9    23.4    95.4    50.2    78.6   0.228   0.254   0.256   0.316   0.389    23.0    22.2    22.3    20.4    18.9
03758 20240526  2.622  -79.09   35.97    31.0    18.1    24.6    24.2     3.3    23.29 C    38.6    15.5    24.8    95.2    46.6    74.1   0.216   0.245   0.249   0.312   0.385    23.7    22.7    22.7    20.6    19.0
03758 20240527  2.622  -79.09   35.97    28.5    17.6    23.1    22.6     0.8    15.87 C    32.2    15.6    22.3    95.0    52.5    80.5   0.221   0.241   0.245   0.307   0.383    23.4    22.8    22.8    20.9    19.2
03758 20240528  2.622  -79.09   35.97    28.8    16.7    22.7    22.6     0.0    24.71 C    43.4    12.7    24.3    95.1    35.3    69.4   0.209   0.237   0.241   0.304   0.381    23.4    22.8    22.8    20.9    19.4
03758 20240529  2.622  -79.09   35.97    27.9    14.7    21.3    21.3     0.0    21.84 C    41.5    11.0    22.3    87.8    33.3    57.8   0.194   0.228   0.236   0.301   0.380    22.5    22.3    22.4    21.0    19.5
03758 20240530  2.622  -79.09   35.97    25.0    12.5    18.8    19.0     0.0    26.33 C    39.3     7.0    20.4    85.6    35.6    56.8   0.179   0.218   0.230   0.297   0.379    21.9    21.7    22.0    20.8    19.5
03758 20240531  2.622  -79.09   35.97    23.8    10.2    17.0    17.1     0.0    27.53 C    38.5     5.1    18.8    90.3    25.6    51.7   0.165   0.208   0.225   0.294   0.378    21.1    21.1    21.5    20.5    19.5
03758 20240601  2.622  -79.09   35.97    26.0     7.9    16.9    17.7     0.0    24.84 C    40.6     3.8    19.8    92.4    30.0    64.6   0.153   0.197   0.219   0.291   0.377    20.8    20.5    21.0    20.2    19.4
03758 20240602  2.622  -79.09   35.97    25.0    14.9    19.9    20.0     0.0    13.50 C    33.7    11.5    20.7    90.2    53.9    76.0   0.146   0.190   0.214   0.288   0.377    21.4    21.0    21.2    20.1    19.3
03758 20240603  2.622  -79.09   35.97    28.8    19.4    24.1    23.3     0.3    18.43 C    38.1    17.7    24.6    90.0    54.7    76.8   0.141   0.183   0.210   0.286   0.377    23.2    22.0    22.1    20.2    19.3
03758 20240604  2.622  -79.09   35.97    30.7    18.8    24.7    23.9     0.0    20.54 C    43.3    15.1    25.3    94.7    49.9    76.0   0.131   0.175   0.206   0.283   0.376    23.8    22.7    22.8    20.7    19.4
03758 20240605  2.622  -79.09   35.97    28.4    20.0    24.2    23.9     0.0    18.80 C    34.0    18.0    24.7    91.2    61.1    76.3   0.122   0.166   0.201   0.281   0.375    24.1    23.1    23.1    21.0    19.6
03758 20240606  2.622  -79.09   35.97    30.9    20.6    25.8    24.4     0.0    18.63 C    35.8    18.9    25.3    89.3    48.6    76.8   0.116   0.157   0.198   0.279   0.375    24.6    23.5    23.5    21.3    19.7
03758 20240607  2.622  -79.09   35.97    29.8    19.1    24.5    24.5     0.0    26.69 C    36.2    12.6    25.1    91.4    31.4    59.5   0.108   0.148   0.193   0.277   0.374    25.1    24.0    24.1    21.6    19.9
03758 20240608  2.622  -79.09   35.97    29.9    13.8    21.9    22.8     0.0    27.84 C    36.9     9.0    24.1    79.8    26.1    51.6   0.100   0.138   0.187   0.273   0.373    24.1    23.2    23.6    21.7    20.1
03758 20240609  2.622  -79.09   35.97    31.4    16.4    23.9    23.4     1.2    19.78 C    36.5    13.5    24.2    91.9    38.8    63.8   0.094   0.130   0.181   0.270   0.372    24.3    23.5    23.7    21.7    20.2
03758 20240610  2.622  -79.09   35.97    28.2    15.2    21.7    21.6     0.0    25.20 C    35.6    13.0    23.4    90.6    26.6    61.7   0.091   0.125   0.178   0.267   0.371    24.0    23.4    23.6    21.8    20.3
03758 20240611  2.622  -79.09   35.97    27.5    15.6    21.5    21.1     0.0    24.75 C    37.0    12.1    22.7    87.3    39.4    63.2   0.087   0.120   0.174   0.263   0.370    23.8    23.1    23.4    21.7    20.4
03758 20240612  2.622  -79.09   35.97    30.1    14.6    22.3    22.2     0.0    23.52 C    38.2    11.3    23.9    90.2    38.4    69.1   0.083   0.114   0.170   0.260   0.369    23.9    23.0    23.2    21.6    20.4
03758 20240613  2.622  -79.09   35.97    31.7    16.8    24.2    23.8     0.0    22.43 C    43.2    13.9    24.9    94.3    36.6    66.7   0.078   0.109   0.167   0.258   0.368    24.5    23.5    23.6    21.7    20.5
03758 20240614  2.622  -79.09   35.97    33.3    16.2    24.8    24.8     0.0    26.23 C    45.3    13.5    26.7    93.6    36.3    66.4   0.073   0.104   0.163   0.255   0.367    25.4    23.9    24.0    21.8    20.5
03758 20240615  2.622  -79.09   35.97    32.0    19.5    25.7    25.4     0.0    26.84 C    40.7    14.3    27.3    87.2    32.2    58.3   0.070   0.098   0.158   0.252   0.366    26.2    24.7    24.8    22.2    20.7
03758 20240616  2.622  -79.09   35.97    30.0    18.0    24.0    24.1     0.0    17.87 C    38.8    14.1    24.8    88.0    38.0    62.7   0.067   0.095   0.153   0.249   0.364    25.0    24.2    24.3    22.4    20.9
03758 20240617  2.622  -79.09   35.97    31.1    19.1    25.1    25.5     0.0    21.76 C    47.9    15.6    28.3    81.8    46.4    63.6   0.065   0.093   0.150   0.247   0.363    25.9    24.5    24.5    22.4    21.0
03758 20240618  2.622  -79.09   35.97    32.0    19.0    25.5    25.0     0.0    21.01 C    47.1    15.4    27.1    88.4    36.3    61.9   0.063   0.091   0.147   0.244   0.362    25.8    24.7    24.7    22.7    21.1
03758 20240619  2.622  -79.09   35.97    31.3    16.4    23.9    23.9     0.0    21.29 C    48.2    13.0    26.2    90.5    37.3    64.4   0.061   0.089   0.143   0.241   0.361    25.4    24.4    24.5    22.7    21.2
03758 20240620  2.622  -79.09   35.97    31.0    16.9    23.9    23.8     0.0    22.00 C    49.1    13.9    26.5    92.3    35.9    67.7   0.059   0.087   0.139   0.238   0.359    25.6    24.5    24.6    22.7    21.2
03758 20240621  2.622  -79.09   35.97    33.0    16.6    24.8    24.7     0.0    26.20 C    49.2    13.3    27.8    92.9    33.7    64.9   0.057   0.085   0.136   0.244   0.358    26.1    24.7    24.8    22.7    21.3
03758 20240622  2.622  -79.09   35.97    34.0    19.3    26.7    26.6     0.0    24.85 C    49.5    15.8    29.4    94.9    36.0    67.0   0.056   0.083   0.131   0.232   0.356    27.1    25.4    25.3    22.9    21.4
03758 20240623  2.622  -79.09   35.97    34.7    23.2    28.9    28.6     0.0    23.59 C    47.9    21.0    31.6    88.9    38.8    64.6   0.054   0.082   0.127   0.146   0.354    28.3    26.3    26.2    23.3    21.5
03758 20240624  2.622  -79.09   35.97    34.7    22.4    28.5    28.6     0.0    21.25 C    49.7    17.7    30.9    86.3    28.7    56.5   0.053   0.080   0.124   0.144   0.352    28.2    26.6    26.5    23.7    21.8
03758 20240625  2.622  -79.09   35.97    34.7    20.3    27.5    27.4     0.0    24.85 C    51.8    15.8    30.3    82.9    28.4    53.0   0.058   0.079   0.121   0.143   0.348    27.8    26.3    26.3    23.8    22.0
03758 20240626  2.622  -79.09   35.97    36.4    23.1    29.7    29.7     0.0    25.81 C    52.1    19.1    33.2    89.1    30.5    59.6   0.072   0.078   0.118   0.141   0.346    29.3    27.1    27.0    24.0    22.1
03758 20240627  2.622  -79.09   35.97    29.8    21.8    25.8    25.8     0.0    11.92 C    43.3    18.7    27.5    86.6    54.2    69.8   0.084   0.077   0.116   0.140   0.344    27.1    26.6    26.5    24.4    22.3
03758 20240628  2.622  -79.09   35.97    34.6    19.6    27.1    27.4     0.0    24.26 C    50.9    16.5    31.2    93.4    26.5    58.8   0.077   0.076   0.115   0.139   0.341    28.3    26.5    26.5    24.1    22.4
03758 20240629  2.622  -79.09   35.97    35.6    22.1    28.9    28.6     0.0    22.67 C    52.5    18.9    32.2    85.0    38.6    62.4   0.086   0.075   0.113   0.137   0.338    29.0    27.2    27.1    24.4    22.5
03758 20240630  2.622  -79.09   35.97    35.2    23.3    29.2    28.2     0.2    17.49 C    52.2    21.3    31.1    93.2    46.7    73.0   0.085   0.075   0.111   0.135   0.336    29.0    27.6    27.3    24.7    22.7
03758 20240701  2.622  -79.09   35.97    28.3    15.7    22.0    23.1     0.2    25.43 C    46.8     9.6    26.8    95.0    31.1    63.3   0.079   0.074   0.110   0.134   0.335    28.0    27.1    27.1    24.8    22.8
03758 20240702  2.622  -79.09   35.97    30.5    12.3    21.4    21.9     0.0    27.91 C    48.1     8.2    25.6    88.1    27.6    55.5   0.083   0.074   0.109   0.133   0.333    26.7    25.8    26.1    24.5    22.9
03758 20240703  2.622  -79.09   35.97    32.4    15.9    24.2    24.5     0.0    23.54 C    51.5    12.4    27.9    88.6    34.6    60.4   0.081   0.073   0.109   0.131   0.332    27.2    26.0    26.1    24.2    22.8
03758 20240704  2.622  -79.09   35.97    36.4    21.5    29.0    28.2     1.0    22.95 C    54.5    18.0    32.0    94.0    32.7    64.4   0.080   0.072   0.108   0.129   0.331    29.0    27.0    26.9    24.4    22.8
03758 20240705  2.622  -79.09   35.97    36.4    22.6    29.5    28.0    13.0    17.37 C    54.7    20.3    30.1    94.6    40.2    74.3   0.076   0.073   0.115   0.128   0.330    28.2    27.3    27.0    24.7    22.9
03758 20240706  2.622  -79.09   35.97    35.7    23.0    29.3    27.5     0.0    21.05 C    53.5    21.6    30.8    94.7    42.4    74.6   0.091   0.081   0.134   0.128   0.330    28.3    27.4    27.1    24.9    23.1
03758 20240707  2.622  -79.09   35.97    28.6    22.2    25.4    24.0    28.6     4.93 C    36.1    21.0    24.6    94.8    71.1    89.7   0.136   0.141   0.177   0.129   0.330    26.0    26.3    26.1    25.0    23.2
03758 20240708  2.622  -79.09   35.97    33.2    21.8    27.5    26.5     0.0    21.22 C    47.8    20.6    29.5    94.9    46.3    78.9   0.186   0.203   0.200   0.131   0.330    27.3    26.4    26.2    24.6    23.2
03758 20240709  2.622  -79.09   35.97    34.8    21.9    28.3    28.4     0.0    24.17 C    50.4    20.3    32.2    95.0    44.1    71.1   0.170   0.190   0.192   0.132   0.330    28.5    27.3    27.3    24.9    23.2
03758 20240710  2.622  -79.09   35.97    35.4    25.0    30.2    29.3     0.0    23.26 C    49.1    23.2    32.7    88.9    44.9    68.2   0.154   0.179   0.188   0.133   0.330    29.3    28.0    28.0    25.5    23.4
03758 20240711  2.622  -79.09   35.97    31.3    21.8    26.5    26.8     0.0    22.69 C    47.0    18.6    30.3    77.7    41.9    56.6   0.140   0.166   0.184   0.134   0.330    28.1    27.5    27.6    25.7    23.6
03758 20240712  2.622  -79.09   35.97    25.6    22.4    24.0    23.7    63.3     4.30 C    27.8    22.1    24.1    94.3    78.5    90.8   0.209   0.244   0.260   0.211   0.394    26.0    26.2    26.3    25.5    23.9
03758 20240713  2.622  -79.09   35.97    32.2    22.5    27.3    26.1     0.0    20.90 C    45.6    20.9    29.6    95.0    48.1    79.7   0.243   0.282   0.277   0.272   0.466    27.6    26.7    26.6    25.1    23.8
03758 20240714  2.622  -79.09   35.97    35.2    21.1    28.1    27.8     0.0    25.15 C    48.3    19.9    31.0    94.9    35.0    69.6   0.227   0.265   0.261   0.262   0.465    28.4    27.5    27.4    25.4    23.7
03758 20240715  2.622  -79.09   35.97    35.8    22.6    29.2    29.0     0.0    24.88 C    50.8    20.7    32.1    93.6    32.2    64.3   0.214   0.250   0.247   0.256   0.405    29.0    28.1    28.0    25.8    23.8
03758 20240716  2.622  -79.09   35.97    33.9    23.5    28.7    28.2     0.0    20.83 C    47.1    21.5    30.8    86.7    49.8    69.7   0.200   0.240   0.237   0.250   0.384    29.0    28.2    28.2    26.1    24.0
03758 20240717  2.622  -79.09   35.97    33.3    23.4    28.4    28.3     0.0    23.42 C    47.0    22.3    31.3    87.3    50.5    68.3   0.187   0.230   0.229   0.244   0.376    29.2    28.3    28.3    26.2    24.2
03758 20240718  2.622  -79.09   35.97    31.9    22.8    27.4    25.6     3.6    15.89 C    46.5    22.0    28.0    94.4    54.4    81.4   0.178   0.221   0.223   0.238   0.374    28.5    28.1    28.1    26.4    24.3
03758 20240719  2.622  -79.09   35.97    29.7    22.2    25.9    24.1     8.2    13.21 C    44.4    21.0    26.0    94.6    58.1    86.8   0.201   0.226   0.236   0.234   0.373    27.6    27.5    27.4    26.2    24.4
03758 20240720  2.622  -79.09   35.97    28.8    21.6    25.2    23.7     7.9    14.05 C    38.6    20.9    25.2    95.0    63.8    87.2   0.231   0.249   0.251   0.231   0.373    27.2    27.0    26.9    26.0    24.5
03758 20240721  2.622  -79.09   35.97    30.8    21.6    26.2    24.9     9.2    19.29 C    44.6    21.0    27.9    95.3    54.3    81.7   0.239   0.266   0.255   0.233   0.373    27.9    27.2    27.2    25.8    24.4
03758 20240722  2.622  -79.09   35.97    29.1    21.3    25.2    23.6    75.2    14.19 C    42.0    20.8    25.0    94.5    64.1    89.0   0.310   0.330   0.332   0.306   0.424    26.7    26.7    26.7    26.0    24.4
03758 20240723  2.622  -79.09   35.97    31.2    22.0    26.6    25.5    19.4    17.96 C    42.2    20.7    27.1    94.9    58.0    84.0   0.317   0.337   0.347   0.363   0.480    27.4    26.9    26.8    25.8    24.5
03758 20240724  2.622  -79.09   35.97    30.2    22.5    26.3    25.6     0.0    16.12 C    40.2    21.9    27.2    94.0    64.3    82.7   0.336   0.341   0.362   0.372   0.481    27.6    27.1    26.9    25.9    24.5
03758 20240725  2.622  -79.09   35.97    25.8    21.9    23.8    23.2    34.8     5.57 C    29.3    21.3    23.8    94.8    82.6    91.9   0.357   0.339   0.360   0.357   0.480    26.4    26.6    26.4    25.9    24.5
03758 20240726  2.622  -79.09   35.97    27.6    21.6    24.6    23.9     0.8    10.77 C    34.4    21.2    25.3    94.8    67.3    85.9   0.320   0.341   0.357   0.374   0.480    26.7    26.4    26.2    25.6    24.5
03758 20240727  2.622  -79.09   35.97    28.5    19.0    23.8    23.6     0.0    23.30 C    41.8    17.2    26.5    92.9    51.1    75.2   0.295   0.313   0.296   0.316   0.481    27.0    26.5    26.4    25.5    24.5
03758 20240728  2.622  -79.09   35.97    29.9    16.6    23.2    23.1     0.0    24.37 C    43.0    15.0    25.7    92.0    41.0    71.9   0.278   0.300   0.283   0.278   0.481    26.4    26.3    26.2    25.5    24.4
03758 20240729  2.622  -79.09   35.97    24.1    18.7    21.4    21.5     2.8     6.69 C    27.2    17.5    21.7    93.8    77.6    88.1   0.273   0.292   0.275   0.266   0.449    25.2    25.6    25.6    25.4    24.4
03758 20240730  2.622  -79.09   35.97    30.6    21.8    26.2    25.3     0.0    17.04 C    39.3    21.3    26.7    93.8    60.8    82.4   0.271   0.291   0.274   0.259   0.401    26.8    26.1    26.0    25.1    24.3
03758 20240731  2.622  -79.09   35.97    31.1    20.8    25.9    25.9     0.0    22.48 C    44.1    19.4    28.0    93.2    56.5    76.6   0.253   0.279   0.268   0.255   0.396    27.3    26.8    26.7    25.3    24.2
03758 20240801  2.622  -79.09   35.97    33.5    21.7    27.6    27.5     0.0    23.39 C    44.5    20.3    29.6    94.6    49.7    74.9   0.236   0.267   0.260   0.250   0.392    28.1    27.4    27.3    25.6    24.3
03758 20240802  2.622  -79.09   35.97    33.4    22.5    27.9    26.5     0.0    19.74 C    41.9    21.3    28.0    94.1    53.0    77.8   0.218   0.256   0.251   0.246   0.385    28.2    27.8    27.7    26.0    24.4
03758 20240803  2.622  -79.09   35.97    31.9    21.0    26.4    24.4     8.4    15.78 C    41.3    20.9    25.7    93.1    61.6    84.5   0.236   0.254   0.255   0.241   0.379    27.5    27.4    27.3    26.1    24.5
03758 20240804  2.622  -79.09   35.97    30.3    20.8    25.5    25.1     0.0    21.57 C    40.3    20.2    26.9    93.3    60.8    80.1   0.248   0.262   0.256   0.237   0.378    27.6    27.2    27.1    25.9    24.6
03758 20240805  2.622  -79.09   35.97    30.9    23.0    26.9    26.1     0.0    18.50 C    41.0    21.3    27.9    92.5    60.2    80.6   0.222   0.254   0.247   0.235   0.378    28.1    27.7    27.5    26.1    24.6
03758 20240806  2.622  -79.09   35.97    28.1    21.5    24.8    23.5     9.8     8.33 C    33.5    20.1    24.4    94.5    72.0    89.6   0.243   0.253   0.246   0.231   0.377    26.8    27.0    26.9    26.1    24.7
03758 20240807  2.622  -79.09   35.97    27.8    22.7    25.2    24.5     5.3     8.77 C    32.2    22.3    25.2    94.0    73.7    87.8   0.286   0.272   0.261   0.230   0.376    26.6    26.4    26.3    25.8    24.7
03758 20240808  2.622  -79.09   35.97    27.1    22.3    24.7    23.8   115.6     5.06 C    30.8    21.5    23.7    93.2    80.2    90.9   0.412   0.360   0.390   0.342   0.464    25.3    25.5    25.4    25.5    24.6
03758 20240809  2.622  -79.09   35.97    31.0    21.9    26.5    25.0     9.6    17.66 C    38.7    21.6    26.3    95.1    60.1    84.9   0.358   0.358   0.377   0.367   0.482    26.5    25.9    25.7    25.1    24.5
03758 20240810  2.622  -79.09   35.97    31.5    22.7    27.1    26.3     0.0    21.50 C    42.6    21.7    28.5    95.1    53.0    79.7   0.303   0.316   0.295   0.329   0.482    27.5    27.0    26.7    25.4    24.4
03758 20240811  2.622  -79.09   35.97    30.1    21.7    25.9    25.4     0.0    21.99 C    41.3    20.1    27.8    95.3    52.4    75.1   0.279   0.296   0.278   0.274   0.482    27.4    27.2    26.9    25.7    24.6
03758 20240812  2.622  -79.09   35.97    29.4    19.3    24.4    23.9     0.0    16.07 C    40.7    17.5    25.8    93.5    53.9    77.5   0.259   0.282   0.269   0.262   0.413    26.9    27.0    26.8    25.8    24.7
03758 20240813  2.622  -79.09   35.97    25.3    18.6    22.0    21.1     0.8     6.61 C    31.8    16.9    21.6    95.1    74.7    90.3   0.255   0.275   0.264   0.255   0.396    25.3    25.8    25.7    25.7    24.7
03758 20240814  2.622  -79.09   35.97    28.8    16.8    22.8    22.4     0.0    22.68 C    40.3    15.0    24.3    95.2    46.0    75.9   0.247   0.270   0.260   0.251   0.393    25.3    25.4    25.3    25.1    24.6
03758 20240815  2.622  -79.09   35.97    29.5    16.9    23.2    22.6     0.0    23.93 C    40.9    15.3    24.9    94.3    44.2    75.1   0.225   0.261   0.253   0.247   0.388    25.4    25.4    25.4    25.0    24.4
03758 20240816  2.622  -79.09   35.97    30.3    17.3    23.8    23.9     0.0    22.40 C    41.2    15.9    25.8    94.8    50.2    74.6   0.206   0.251   0.245   0.242   0.382    25.8    25.6    25.6    25.0    24.3
03758 20240817  2.622  -79.09   35.97    30.5    21.3    25.9    25.4     0.0    20.46 C    40.2    19.6    27.1    92.8    61.1    79.1   0.192   0.241   0.237   0.237   0.380    26.8    26.3    26.2    25.1    24.2
03758 20240818  2.622  -79.09   35.97    30.2    19.5    24.8    24.7     5.9    19.52 C    41.6    19.1    26.6    95.1    55.9    80.1   0.184   0.233   0.235   0.232   0.378    26.8    26.6    26.4    25.3    24.3
03758 20240819  2.622  -79.09   35.97    29.9    18.1    24.0    23.0     0.4    20.65 C    40.3    16.8    24.4    95.1    49.1    78.8   0.201   0.235   0.238   0.228   0.377    26.1    26.2    26.1    25.3    24.3
03758 20240820  2.622  -79.09   35.97    25.5    16.0    20.7    20.9     0.0    19.28 C    38.2    14.2    22.9    89.3    52.6    71.2   0.187   0.229   0.231   0.224   0.376    25.3    25.6    25.6    25.2    24.3
03758 20240821  2.622  -79.09   35.97    23.8    13.8    18.8    18.2     0.0    23.05 C    36.5    11.8    20.4    89.2    40.3    68.0   0.172   0.222   0.225   0.220   0.376    23.9    24.5    24.6    24.8    24.3
03758 20240822  2.622  -79.09   35.97    25.3    10.8    18.0    18.0     0.0    23.68 C    37.0     9.1    20.2    92.6    36.9    69.2   0.158   0.213   0.219   0.217   0.375    23.2    23.7    23.8    24.3    24.1
03758 20240823  2.622  -79.09   35.97    26.0    11.9    18.9    18.8     0.0    22.54 C    37.1     9.8    20.6    92.7    45.5    73.0   0.143   0.204   0.214   0.213   0.375    23.1    23.4    23.6    23.9    23.8
03758 20240824  2.622  -79.09   35.97    27.6    12.3    19.9    19.6     0.0    23.93 C    39.6    10.0    21.5    93.7    42.3    73.1   0.130   0.194   0.209   0.209   0.374    23.2    23.3    23.5    23.7    23.6
03758 20240825  2.622  -79.09   35.97    28.5    13.6    21.1    20.6     0.0    23.17 C    39.9    11.1    22.3    93.8    40.8    75.3   0.118   0.184   0.203   0.206   0.374    23.5    23.4    23.6    23.6    23.5
03758 20240826  2.622  -79.09   35.97    30.8    14.8    22.8    22.5     0.0    22.54 C    41.8    12.7    24.4    93.5    43.1    75.6   0.109   0.175   0.197   0.203   0.374    24.2    23.9    24.0    23.6    23.4
03758 20240827  2.622  -79.09   35.97    32.9    17.7    25.3    25.0     0.0    21.59 C    43.7    15.3    26.7    94.6    43.3    74.8   0.101   0.164   0.191   0.200   0.373    25.2    24.6    24.6    23.8    23.3
03758 20240828  2.622  -79.09   35.97    32.9    19.6    26.2    25.8     0.0    21.36 C    42.8    17.3    27.1    94.1    46.2    75.8   0.095   0.153   0.185   0.197   0.373    26.0    25.3    25.2    24.1    23.4
03758 20240829  2.622  -79.09   35.97    34.5    20.6    27.5    26.9     0.0    21.59 C    45.0    18.6    28.5    93.7    46.3    73.1   0.089   0.142   0.179   0.194   0.372    26.6    25.8    25.7    24.4    23.5
03758 20240830  2.622  -79.09   35.97    32.4    20.9    26.7    23.9     1.7    12.45 C    45.1    19.4    25.1    94.6    55.7    86.2   0.086   0.135   0.175   0.191   0.371    26.0    25.9    25.8    24.8    23.7
03758 20240831  2.622  -79.09   35.97    30.3    20.7    25.5    24.4     0.0    15.77 C    42.6    19.6    26.2    94.9    59.7    84.0   0.087   0.133   0.173   0.189   0.370    26.0    25.6    25.4    24.7    23.8
03758 20240901  2.622  -79.09   35.97    30.6    21.0    25.8    24.1    37.2    14.42 C    39.9    20.2    25.4    94.8    59.7    84.6   0.127   0.164   0.206   0.186   0.369    25.9    25.7    25.5    24.8    23.8
03758 20240902  2.622  -79.09   35.97    27.5    19.3    23.4    23.3     2.6    17.20 C    36.4    16.9    24.6    94.6    60.9    81.0   0.270   0.270   0.259   0.187   0.370    25.8    25.6    25.5    24.7    23.9
03758 20240903  2.622  -79.09   35.97    24.0    15.4    19.7    19.1     0.0    22.64 C    34.7    12.5    20.6    78.2    43.3    60.0   0.233   0.248   0.238   0.190   0.370    24.1    24.6    24.6    24.6    23.9
03758 20240904  2.622  -79.09   35.97    25.2    14.2    19.7    18.9     0.0    15.17 C    36.6    11.3    20.2    84.5    58.3    74.3   0.208   0.235   0.229   0.192   0.369    23.2    23.6    23.6    24.1    23.8
03758 20240905  2.622  -79.09   35.97    24.9    15.5    20.2    19.0     0.0    13.60 C    36.6    13.9    20.3    92.6    50.9    78.3   0.195   0.225   0.224   0.192   0.369    23.2    23.5    23.5    23.8    23.6
03758 20240906  2.622  -79.09   35.97    26.4    14.1    20.3    19.7     0.0    17.72 C    38.7    12.3    21.4    93.9    53.8    80.0   0.181   0.216   0.220   0.192   0.369    22.9    23.1    23.1    23.5    23.4
03758 20240907  2.622  -79.09   35.97    27.4    13.8    20.6    20.4     0.0    14.64 C    37.8    10.6    21.2    94.0    52.7    78.5   0.168   0.207   0.215   0.192   0.369    23.2    23.3    23.3    23.3    23.3
03758 20240908  2.622  -79.09   35.97    23.6    12.5    18.0    17.2     0.0    21.10 C    34.9     9.6    18.7    93.0    41.9    63.8   0.155   0.198   0.211   0.191   0.369    21.9    22.5    22.6    23.1    23.1
03758 20240909  2.622  -79.09   35.97    24.7    10.5    17.6    17.2     0.0    18.97 C    35.0     8.0    18.2    94.2    41.2    75.8   0.143   0.190   0.208   0.191   0.369    21.3    21.8    22.0    22.7    23.0
03758 20240910  2.622  -79.09   35.97    27.1    11.0    19.0    18.5     0.0    21.81 C    37.9     8.4    19.8    94.2    31.6    72.8   0.132   0.182   0.203   0.189   0.368    21.4    21.7    21.8    22.4    22.7
03758 20240911  2.622  -79.09   35.97    27.1    12.3    19.7    19.0     0.0    20.87 C    37.5    10.2    20.2    94.1    33.3    70.8   0.121   0.172   0.198   0.188   0.368    21.7    21.8    22.0    22.2    22.5
03758 20240912  2.622  -79.09   35.97    26.0    13.5    19.8    19.7     0.0    16.81 C    38.2    11.9    21.1    92.3    48.0    75.3   0.112   0.164   0.193   0.187   0.367    22.0    21.9    22.0    22.1    22.4
03758 20240913  2.622  -79.09   35.97    22.6    18.8    20.7    20.6    22.6     3.25 C    25.0    18.3    20.4    92.8    83.9    89.9   0.226   0.201   0.230   0.187   0.367    22.1    22.1    22.1    22.2    22.3
03758 20240914  2.622  -79.09   35.97    26.7    20.0    23.4    22.2     0.3    15.02 C    35.3    18.6    23.1    92.6    55.5    78.3   0.258   0.235   0.233   0.187   0.367    23.3    22.8    22.7    22.2    22.3
03758 20240915  2.622  -79.09   35.97    24.8    19.5    22.1    21.1     1.0     7.86 C    33.6    18.7    21.6    91.6    65.6    83.3   0.227   0.230   0.224   0.187   0.367    23.0    22.9    22.9    22.5    22.3
03758 20240916  2.622  -79.09   35.97    20.7    17.3    19.0    18.7    52.1     1.63 C    20.1    17.5    18.4    92.2    82.6    89.1   0.272   0.267   0.261   0.216   0.385    21.5    21.9    22.0    22.4    22.4
03758 20240917  2.622  -79.09   35.97    23.0    18.1    20.6    21.1    34.7     5.41 C    25.2    16.6    21.4    94.9    89.6    92.8   0.399   0.363   0.392   0.362   0.477    22.1    21.8    21.8    21.9    22.2
03758 20240918  2.622  -79.09   35.97    27.6    16.0    21.8    21.3     0.0    16.61 C    35.5    14.5    22.3    96.9    59.3    85.1   0.350   0.349   0.366   0.358   0.479    22.6    22.3    22.3    22.0    22.1
03758 20240919  2.622  -79.09   35.97    26.2    18.2    22.2    21.4     0.4    10.66 C    34.7    16.5    21.9    95.2    66.9    88.8   0.313   0.321   0.298   0.330   0.479    23.1    22.8    22.8    22.2    22.1
03758 20240920  2.622  -79.09   35.97    28.0    17.4    22.7    21.7     0.0    15.30 C    36.6    15.7    22.5    95.4    52.4    83.3   0.301   0.307   0.288   0.282   0.480    22.9    22.8    22.7    22.4    22.1
03758 20240921  2.622  -79.09   35.97    28.2    16.5    22.4    22.1     0.3    17.27 C    37.2    14.6    23.1    95.3    59.4    83.1   0.288   0.297   0.278   0.267   0.481    23.2    22.9    22.8    22.4    22.2
03758 20240922  2.622  -79.09   35.97    28.3    18.9    23.6    22.2     0.0    17.01 C    37.5    16.8    23.4    93.9    64.8    83.3   0.275   0.288   0.272   0.259   0.456    23.7    23.4    23.3    22.6    22.2
03758 20240923  2.622  -79.09   35.97    22.9    19.2    21.0    21.0     0.0     5.45 C    26.5    19.2    21.9    93.7    78.7    86.9   0.268   0.281   0.268   0.253   0.397    23.3    23.3    23.2    22.8    22.3
03758 20240924  2.622  -79.09   35.97    25.1    20.9    23.0    22.5    32.9     3.82 C    28.2    20.7    22.6    94.5    82.4    91.2   0.330   0.331   0.346   0.330   0.457    23.2    23.1    23.0    22.7    22.4
03758 20240925  2.622  -79.09   35.97    28.8    20.7    24.8    23.9    15.9    13.51 C    35.1    20.0    24.6    94.6    62.9    84.8   0.360   0.347   0.356   0.365   0.484    24.1    23.5    23.4    22.7    22.4
03758 20240926  2.622  -79.09   35.97    25.9    22.0    23.9    23.3    26.9     4.64 C    28.6    20.5    23.4    93.6    78.2    90.0   0.346   0.330   0.325   0.338   0.483    24.0    23.8    23.7    23.0    22.5
03758 20240927  2.622  -79.09   35.97    28.2    19.0    23.6    24.2    32.8     5.99 C    30.1    16.2    23.5    94.5    76.0    87.7   0.377   0.359   0.391   0.372   0.484    24.2    23.9    23.8    23.2    22.6
03758 20240928  2.622  -79.09   35.97    27.2    17.1    22.2    21.6     0.0    17.96 C    33.9    14.8    22.3    95.6    49.9    80.7   0.327   0.327   0.305   0.345   0.484    23.6    23.5    23.4    23.1    22.7
03758 20240929  2.622  -79.09   35.97    28.3    17.7    23.0    22.2     0.0    11.12 C    36.1    16.1    22.5    95.6    59.9    85.9   0.310   0.310   0.289   0.282   0.485    23.5    23.5    23.4    23.0    22.7
03758 20240930  2.622  -79.09   35.97    25.6    18.8    22.2    21.4     7.0     7.91 C    30.7    17.1    21.6    95.5    71.1    91.3   0.320   0.317   0.293   0.269   0.484    23.2    23.3    23.2    22.9    22.7
03758 20241001  2.622  -79.09   35.97    24.0    19.5    21.7    20.7     0.3     7.40 C    30.2    18.3    21.3    95.0    73.9    88.4   0.315   0.315   0.293   0.272   0.484    23.3    23.3    23.2    22.9    22.6
03758 20241002  2.622  -79.09   35.97    25.8    17.5    21.6    20.6     0.0    11.03 C    33.6    15.2    21.1    95.5    59.6    85.8   0.305   0.308   0.286   0.266   0.484    23.0    23.1    23.0    22.8    22.6
03758 20241003  2.622  -79.09   35.97    25.7    16.2    21.0    19.6     0.0    10.36 C    33.8    14.2    19.8    95.8    61.8    87.6   0.298   0.302   0.281   0.260   0.407    22.2    22.5    22.5    22.7    22.5
03758 20241004  2.622  -79.09   35.97    26.6    16.0    21.3    20.3     0.0    12.99 C    33.3    14.4    21.0    95.6    55.7    83.4   0.289   0.296   0.278   0.255   0.394    22.2    22.3    22.3    22.4    22.4
03758 20241005  2.622  -79.09   35.97    27.1    16.5    21.8    20.6     0.0    17.49 C    33.6    14.4    20.9    95.6    42.9    78.3   0.277   0.288   0.273   0.252   0.392    22.3    22.4    22.4    22.3    22.3
03758 20241006  2.622  -79.09   35.97    25.3    15.7    20.5    19.2     0.0    12.38 C    33.8    13.2    19.5    95.3    51.9    84.7   0.269   0.282   0.268   0.249   0.389    21.7    22.0    22.0    22.2    22.2
03758 20241007  2.622  -79.09   35.97    27.3    14.0    20.7    19.3     0.0    16.83 C    33.2    11.3    19.2    95.5    33.7    74.9   0.262   0.276   0.263   0.246   0.386    21.2    21.6    21.6    22.0    22.1
03758 20241008  2.622  -79.09   35.97    21.7     9.4    15.5    15.6     0.0    17.14 C    29.1     7.0    15.9    93.3    47.5    70.8   0.252   0.270   0.257   0.243   0.382    20.1    20.9    21.0    21.7    22.0
03758 20241009  2.622  -79.09   35.97    23.0     7.8    15.4    14.5     0.0    15.26 C    30.0     5.8    14.8    94.6    34.1    77.3   0.245   0.266   0.253   0.240   0.380    18.9    19.7    19.9    21.2    21.8
03758 20241010  2.622  -79.09   35.97    19.7     7.8    13.7    14.0     0.0    17.13 C    27.2     4.5    13.8    92.6    35.2    60.4   0.236   0.262   0.250   0.237   0.379    18.6    19.3    19.5    20.7    21.5
03758 20241011  2.622  -79.09   35.97    20.6     5.2    12.9    12.1     0.0    17.57 C    28.1     2.5    12.2    93.5    36.2    72.6   0.228   0.258   0.246   0.235   0.378    17.2    18.2    18.5    20.1    21.2
03758 20241012  2.622  -79.09   35.97    24.8     7.3    16.0    15.1     0.0    16.89 C    30.8     4.2    14.2    93.2    30.1    69.3   0.222   0.253   0.243   0.232   0.377    17.3    17.9    18.2    19.6    20.9
03758 20241013  2.622  -79.09   35.97    25.6     8.6    17.1    17.2     0.0    16.66 C    31.2     5.2    16.1    92.9    36.1    66.8   0.216   0.249   0.240   0.230   0.377    17.9    18.1    18.3    19.4    20.6
03758 20241014  2.622  -79.09   35.97    22.5     8.0    15.2    16.5     0.0    16.68 C    28.8     4.2    15.5    89.9    18.2    56.8   0.208   0.244   0.237   0.227   0.376    18.3    18.6    18.8    19.4    20.4
03758 20241015  2.622  -79.09   35.97    17.9     5.5    11.7    10.9     0.2    13.89 C    26.8     1.8    11.2    85.1    36.6    66.2   0.201   0.241   0.234   0.225   0.376    16.5    17.3    17.6    19.2    20.2
03758 20241016  2.622  -79.09   35.97    15.0     6.1    10.6     9.7     0.0    11.73 C    24.6     2.3    10.3    83.3    36.9    63.4   0.199   0.239   0.233   0.222   0.376    16.2    17.0    17.3    18.7    20.0
03758 20241017  2.622  -79.09   35.97    15.9     4.1    10.0     8.9     0.0    15.89 C    23.9     1.0     9.0    92.0    37.9    66.9   0.195   0.236   0.232   0.221   0.375    15.1    16.0    16.4    18.3    19.7
03758 20241018  2.622  -79.09   35.97    19.5     2.9    11.2    10.0     0.0    16.45 C    26.8     0.2     9.7    93.4    27.3    69.4   0.191   0.234   0.230   0.219   0.375    14.6    15.4    15.8    17.7    19.4
03758 20241019  2.622  -79.09   35.97    21.4     3.7    12.5    11.4     0.0    16.00 C    28.4     0.9    10.9    92.5    27.1    69.7   0.186   0.231   0.228   0.217   0.375    14.6    15.2    15.6    17.4    19.1
03758 20241020  2.622  -79.09   35.97    23.0     5.0    14.0    12.6     0.0    15.81 C    29.7     2.2    12.1    93.4    32.1    72.9   0.181   0.228   0.226   0.215   0.374    14.9    15.3    15.7    17.2    18.9
03758 20241021  2.622  -79.09   35.97    24.3     5.6    15.0    13.7     0.0    15.62 C    31.0     2.8    12.9    94.0    30.2    72.6   0.176   0.224   0.223   0.213   0.374    15.1    15.4    15.8    17.1    18.6
03758 20241022  2.622  -79.09   35.97    24.5     6.4    15.4    13.9     0.0    15.72 C    31.3     2.6    13.0    94.0    25.1    72.0   0.171   0.221   0.221   0.212   0.374    15.1    15.5    15.8    17.0    18.5
03758 20241023  2.622  -79.09   35.97    25.4     7.5    16.5    15.5     0.0    15.05 C    32.0     4.7    15.1    93.9    36.6    75.3   0.162   0.217   0.219   0.209   0.373    16.0    15.8    16.1    17.0    18.4
03758 20241024  2.622  -79.09   35.97    23.0     8.0    15.5    16.7     0.0    14.74 C    31.0     4.6    16.0    92.0    31.1    63.5   0.153   0.214   0.218   0.208   0.373    16.7    16.5    16.8    17.3    18.3
03758 20241025  2.622  -79.09   35.97    23.0     5.1    14.1    13.4     0.0    14.94 C    28.6     2.4    13.0    93.6    33.5    70.7   0.149   0.212   0.217   0.207   0.373    15.7    15.9    16.3    17.3    18.3
03758 20241026  2.622  -79.09   35.97    26.5    11.8    19.1    18.8     0.0    12.27 C    35.0     9.0    18.7    85.8    37.8    63.8   0.146   0.210   0.216   0.205   0.372    17.2    16.6    16.9    17.3    18.3
03758 20241027  2.622  -79.09   35.97    16.3     6.9    11.6    11.6     3.9     3.71 C    16.6     4.5    11.5    94.6    59.2    81.1   0.171   0.210   0.216   0.204   0.372    16.3    16.6    17.0    17.5    18.3
03758 20241028  2.622  -79.09   35.97    18.8     5.0    11.9    10.9     0.0    12.30 C    26.6     2.8    10.9    95.2    50.6    81.8   0.170   0.213   0.216   0.204   0.372    15.3    15.7    16.0    17.2    18.3
03758 20241029  2.622  -79.09   35.97    21.0     5.0    13.0    12.8     0.0    13.46 C    28.3     2.6    13.1    95.0    51.7    80.8   0.164   0.213   0.216   0.203   0.372    15.4    15.5    15.9    16.9    18.1
03758 20241030  2.622  -79.09   35.97    25.9    11.3    18.6    17.5     0.0     9.78 C    32.8     9.2    17.3    94.2    49.2    80.8   0.158   0.212   0.216   0.203   0.371    17.1    16.5    16.9    17.0    18.0
03758 20241031  2.622  -79.09   35.97    25.8    13.0    19.4    19.0     0.0    13.22 C    31.4    10.2    18.2    95.1    43.6    75.0   0.153   0.211   0.215   0.202   0.371    17.5    17.0    17.3    17.4    18.0
03758 20241101  2.622  -79.09   35.97    24.6    15.7    20.1    19.7     0.0     7.63 C    29.6    13.5    18.9    93.9    55.3    80.4   0.149   0.209   0.215   0.201   0.371    18.1    17.5    17.8    17.6    18.1
03758 20241102  2.622  -79.09   35.97    20.1    10.8    15.5    16.6     0.0     8.73 C    26.1     6.5    16.1    86.2    42.5    64.6   0.147   0.208   0.214   0.200   0.371    17.8    17.6    17.9    17.8    18.2
03758 20241103  2.622  -79.09   35.97    19.0     6.0    12.5    11.8     0.0    13.34 C    26.3     2.3    11.1    92.8    35.2    68.6   0.144   0.207   0.214   0.200   0.370    15.6    16.2    16.6    17.6    18.3
03758 20241104  2.622  -79.09   35.97    20.1     8.6    14.4    13.5     0.0     9.28 C    28.5     6.3    14.0    90.4    57.5    76.3   0.141   0.205   0.213   0.199   0.370    16.0    15.9    16.4    17.2    18.2
03758 20241105  2.622  -79.09   35.97    25.0    10.4    17.7    16.9     0.0    11.07 C    31.0     7.9    16.6    95.0    52.8    80.4   0.140   0.204   0.213   0.199   0.370    17.0    16.5    16.9    17.1    18.0
03758 20241106  2.622  -79.09   35.97    26.6    12.8    19.7    19.2     0.0     9.81 C    32.4    10.2    18.8    94.4    55.2    82.3   0.138   0.202   0.212   0.198   0.369    17.8    17.1    17.4    17.3    18.0
03758 20241107  2.622  -79.09   35.97    27.4    17.6    22.5    21.4     0.0     8.89 C    34.4    15.8    21.0    94.8    51.2    81.3   0.137   0.201   0.211   0.197   0.369    19.1    18.2    18.4    17.7    18.1
03758 20241108  2.622  -79.09   35.97    25.9    15.1    20.5    19.5     0.0     7.13 C    32.1     8.6    18.6    95.0    53.9    83.1   0.135   0.199   0.211   0.196   0.369    18.7    18.3    18.5    18.1    18.2
03758 20241109  2.622  -79.09   35.97    18.2     7.2    12.7    13.1     0.0    12.98 C    26.1     3.3    11.6    79.5    32.7    52.3   0.133   0.198   0.210   0.196   0.368    16.3    16.9    17.4    18.0    18.3
03758 20241110  2.622  -79.09   35.97    16.7     4.9    10.8    11.1     3.3     4.94 C    21.5     2.5    11.2    94.1    62.9    79.5   0.132   0.197   0.212   0.195   0.368    15.3    15.7    16.1    17.4    18.3
03758 20241111  2.622  -79.09   35.97    21.8    13.0    17.4    16.2     5.0     7.08 C    25.3    10.7    16.0    94.5    67.0    88.7   0.194   0.214   0.238   0.195   0.368    16.8    16.4    16.8    17.1    18.1
03758 20241112  2.622  -79.09   35.97    19.9     8.7    14.3    14.4     0.0    12.74 C    27.0     3.4    12.9    92.6    28.8    56.0   0.187   0.218   0.225   0.195   0.368    15.6    16.0    16.4    17.2    18.0
03758 20241113  2.622  -79.09   35.97    13.3     3.7     8.5     8.1     0.0    12.83 C    21.9     0.3     8.0    83.3    39.4    58.7   0.179   0.219   0.223   0.195   0.368    13.6    14.5    15.0    16.6    17.8
03758 20241114  2.622  -79.09   35.97     9.8     4.4     7.1     7.4    27.9     2.08 C    13.1     1.7     7.4    93.6    79.5    88.9   0.237   0.245   0.253   0.200   0.369    12.8    13.6    14.0    16.0    17.5
03758 20241115  2.622  -79.09   35.97    16.4     7.3    11.9    10.4     0.0    10.22 C    23.8     3.9    10.7    94.1    56.0    83.1   0.295   0.309   0.285   0.232   0.373    13.4    13.6    14.0    15.4    17.2
03758 20241116  2.622  -79.09   35.97    17.1     4.3    10.7    10.1     0.0    12.39 C    24.4     1.7     9.5    94.4    44.2    74.4   0.277   0.301   0.276   0.230   0.373    12.9    13.3    13.8    15.2    16.9
03758 20241117  2.622  -79.09   35.97    18.9     2.3    10.6     9.5     0.0    12.15 C    23.9    -0.3     8.9    95.3    44.8    79.3   0.266   0.294   0.269   0.231   0.373    12.4    12.8    13.3    14.9    16.7
03758 20241118  2.622  -79.09   35.97    22.2     7.8    15.0    14.1     0.0     9.85 C    28.9     4.5    13.2    93.4    40.8    73.9   0.257   0.289   0.265   0.231   0.373    13.4    13.2    13.6    14.7    16.4
03758 20241119  2.622  -79.09   35.97    21.0     8.1    14.5    14.4     0.0     6.88 C    26.6     6.2    13.7    94.2    57.6    80.9   0.251   0.284   0.262   0.231   0.373    14.1    13.8    14.2    14.9    16.3
03758 20241120  2.622  -79.09   35.97    18.1    11.2    14.7    15.8     5.2     1.55 C    18.9     7.9    15.2    94.1    33.8    86.5   0.284   0.289   0.268   0.231   0.373    15.4    14.8    15.1    15.2    16.3
03758 20241121  2.622  -79.09   35.97    13.6     0.3     6.9     7.5     0.0    10.57 C    18.3    -1.8     6.5    87.4    27.7    47.8   0.287   0.301   0.275   0.232   0.373    12.6    13.6    14.0    15.3    16.4
03758 20241122  2.622  -79.09   35.97     9.1    -1.8     3.7     4.2     0.0     9.80 C    15.7    -4.4     3.7    80.5    30.9    52.6   0.272   0.296   0.270   0.233   0.374    10.5    11.8    12.2    14.5    16.2
03758 20241123  2.622  -79.09   35.97    14.9     1.5     8.2     7.9     0.0     9.42 C    22.2    -0.9     6.9    83.6    38.5    60.2   0.262   0.291   0.265   0.233   0.373    10.6    11.2    11.6    13.7    15.9
03758 20241124  2.622  -79.09   35.97    17.7     1.1     9.4     8.4     0.0    10.37 C    21.5    -0.9     7.2    91.5    36.3    70.2   0.254   0.287   0.263   0.233   0.374    10.7    11.0    11.6    13.4    15.5
03758 20241125  2.622  -79.09   35.97    20.6     1.8    11.2    11.0     0.0    11.49 C    25.7    -0.8     9.9    94.3    34.0    68.7   0.249   0.283   0.260   0.233   0.374    11.2    11.2    11.7    13.2    15.3
03758 20241126  2.622  -79.09   35.97    19.9     6.7    13.3    13.8     0.6     5.49 C    22.6     1.0    11.1    90.7    32.8    66.0   0.248   0.281   0.258   0.232   0.374    12.4    12.1    12.6    13.4    15.1
03758 20241127  2.622  -79.09   35.97    15.3     5.0    10.1     9.9     0.0     7.80 C    20.7     0.8     8.7    85.0    36.7    59.3   0.245   0.278   0.256   0.232   0.374    11.6    11.7    12.2    13.4    15.0
03758 20241128  2.622  -79.09   35.97    19.3     4.9    12.1    13.1     3.0     6.21 C    21.6     0.3    11.5    92.3    44.7    71.7   0.267   0.281   0.259   0.231   0.374    12.8    12.4    12.9    13.5    14.9
03758 20241129  2.622  -79.09   35.97    10.9    -1.3     4.8     4.8     0.0    10.78 C    18.5    -4.3     3.9    89.4    36.7    56.7   0.263   0.284   0.259   0.232   0.374    10.3    11.2    11.7    13.4    14.9
03758 20241130  2.622  -79.09   35.97     7.1    -4.5     1.3     0.8     0.0    11.11 C    14.3    -7.5     0.2    78.6    17.5    48.5   0.254   0.283   0.258   0.232   0.374     8.1     9.5    10.0    12.7    14.7
03758 20241201  2.622  -79.09   35.97     9.8    -2.4     3.7     3.5     0.0     7.92 C    15.1    -4.9     3.1    74.3    31.4    51.0   0.249   0.280   0.256   0.232   0.375     8.2     8.9     9.5    11.9    14.4
03758 20241202  2.622  -79.09   35.97     5.3    -2.6     1.4     1.4     0.0     9.83 C    14.5    -6.8     0.6    67.9    32.5    48.1   0.246   0.278   0.255   0.232   0.375     7.5     8.5     9.1    11.5    14.0
03758 20241203  2.622  -79.09   35.97     4.5    -3.9     0.3    -0.1     0.0    10.93 C    13.1    -8.2    -0.4    72.4    29.3    48.0   0.243   0.276   0.254   0.232   0.375     6.5     7.5     8.2    11.0    13.7
03758 20241204  2.622  -79.09   35.97     8.0    -7.0     0.5     1.2     0.0    10.23 C    12.6    -9.6     0.3    70.7    27.4    46.6   0.241   0.275   0.252   0.232   0.376     5.8     6.6     7.4    10.4    13.3
03758 20241205  2.622  -79.09   35.97    14.1    -2.9     5.6     6.3     0.0     9.95 C    21.1    -5.6     5.5    48.5    16.5    34.1   0.237   0.273   0.251   0.231   0.375     7.1     7.3     8.0    10.1    12.9
03758 20241206  2.622  -79.09   35.97     2.8    -5.9    -1.5    -2.2     0.0    10.81 C    12.2    -9.9    -2.7    63.1    26.4    41.9   0.234   0.272   0.250   0.230   0.376     5.3     6.4     7.1     9.9    12.7
03758 20241207  2.622  -79.09   35.97     9.5    -7.4     1.1     0.4     0.0    10.49 C    15.7   -10.4    -0.6    69.6    18.0    43.7   0.231   0.271   0.249   0.229   0.376     4.9     5.6     6.4     9.3    12.3
03758 20241208  2.622  -79.09   35.97    19.7    -1.1     9.3     8.5     0.0     9.92 C    23.6    -4.5     6.9    65.2    24.6    45.7   0.229   0.269   0.248   0.228   0.375     6.6     6.3     7.0     9.1    12.0
03758 20241209  2.622  -79.09   35.97    13.2     7.2    10.2    10.7    10.0     3.01 C    15.6     5.0     9.9    92.1    47.5    76.5   0.288   0.296   0.265   0.228   0.375     8.9     8.0     8.7     9.5    11.9
03758 20241210  2.622  -79.09   35.97    18.8    11.3    15.0    14.7     4.3     1.80 C    18.8    10.8    14.1    94.1    80.7    90.8   0.308   0.313   0.277   0.230   0.375    11.1     9.8    10.3    10.3    12.0
03758 20241211  2.622  -79.09   35.97    17.5    -0.6     8.4    12.1    63.8     0.64 C    16.7    -2.5    10.9    90.7    45.8    78.2   0.391   0.359   0.379   0.358   0.463    12.8    12.1    12.4    11.8    12.2
03758 20241212  2.622  -79.09   35.97     8.7    -2.4     3.2     1.9     0.0    10.55 C    12.8    -4.6     1.2    86.0    27.2    64.1   0.342   0.345   0.346   0.392   0.490     8.4     9.4     9.9    11.5    12.5
03758 20241213  2.622  -79.09   35.97    13.9    -2.7     5.6     4.7     0.0     8.84 C    20.4    -4.8     4.2    89.2    26.8    67.5   0.320   0.330   0.299   0.309   0.492     7.8     8.1     8.7    10.7    12.5
03758 20241214  2.622  -79.09   35.97     7.6     1.5     4.6     4.1     0.0     7.47 C    13.8    -1.3     4.1    88.0    56.9    71.4   0.311   0.323   0.293   0.279   0.493     8.0     8.2     8.8    10.3    12.3
03758 20241215  2.622  -79.09   35.97     9.1     2.3     5.7     5.4     0.2     4.68 C    16.0     0.9     6.2    90.5    65.8    74.5   0.307   0.318   0.290   0.271   0.494     8.4     8.2     8.8    10.2    12.1
03758 20241216  2.622  -79.09   35.97    13.3     3.5     8.4     6.9     0.4     4.62 C    17.4     4.0     7.1    93.5    74.3    89.6   0.306   0.315   0.289   0.267   0.494     9.3     8.9     9.4    10.3    12.0
03758 20241217  2.622  -79.09   35.97    21.1     9.1    15.1    14.2     0.0     7.33 C    23.9     6.4    12.9    93.2    55.0    81.0   0.304   0.313   0.288   0.264   0.443    10.7     9.8    10.2    10.5    12.0
03758 20241218  2.622  -79.09   35.97    20.9     8.2    14.5    14.3     0.0     6.30 C    24.7     5.5    13.2    93.8    61.9    84.5   0.300   0.311   0.287   0.261   0.411    11.7    10.8    11.2    11.1    12.1
03758 20241219  2.622  -79.09   35.97    14.5     6.7    10.6     9.5     0.0     4.64 C    17.1     4.9     9.3    91.2    56.0    65.7   0.297   0.310   0.285   0.259   0.408    11.3    11.1    11.5    11.6    12.3
03758 20241220  2.622  -79.09   35.97    10.2     3.7     6.9     6.3     0.7     4.08 C    15.6     0.4     6.5    93.2    54.5    72.3   0.294   0.308   0.283   0.257   0.405    10.3    10.4    10.8    11.5    12.6
03758 20241221  2.622  -79.09   35.97     8.1    -1.2     3.4     3.4     0.0     9.54 C    15.0    -5.5     2.2    72.6    28.1    52.7   0.293   0.307   0.281   0.255   0.402     8.3     9.1     9.5    11.2    12.6
03758 20241222  2.622  -79.09   35.97     3.4    -5.2    -0.9    -1.5     0.0    10.44 C    11.3    -8.4    -2.0    71.9    31.3    52.8   0.289   0.305   0.279   0.254   0.400     6.1     7.3     7.9    10.4    12.3
03758 20241223  2.622  -79.09   35.97     4.9    -6.9    -1.0    -1.9     0.0    10.18 C    12.0    -9.4    -2.1    78.0    27.3    57.3   0.285   0.304   0.278   0.252   0.397     5.1     6.1     6.8     9.5    12.0
03758 20241224  2.622  -79.09   35.97    14.7    -3.1     5.8     5.1     0.0    10.19 C    20.8    -4.9     4.8    72.6    24.9    50.3   0.283   0.301   0.277   0.249   0.396     6.3     6.4     7.0     9.0    11.6
03758 20241225  2.622  -79.09   35.97    10.7    -1.7     4.5     4.4     0.0     9.66 C    17.4    -4.1     3.7    86.1    46.7    68.0   0.280   0.300   0.275   0.248   0.395     6.8     6.8     7.5     9.1    11.3
03758 20241226  2.622  -79.09   35.97     8.7    -1.4     3.7     3.4     0.0     7.02 C    15.4    -3.2     3.2    89.4    51.4    72.4   0.276   0.298   0.274   0.247   0.393     6.7     6.8     7.5     9.0    11.2
03758 20241227  2.622  -79.09   35.97     6.0     3.3     4.6     4.5     3.1     2.26 C    11.0     1.6     5.1    93.4    68.0    80.1   0.287   0.299   0.273   0.246   0.392     7.5     7.2     7.8     9.1    11.1
03758 20241228  2.622  -79.09   35.97    16.2     5.4    10.8    10.7     1.4     3.04 C    17.9     5.0    10.9    93.6    79.7    90.3   0.303   0.306   0.277   0.246   0.390     9.3     8.3     8.8     9.3    11.0
03758 20241229  2.622  -79.09   35.97    19.0    13.3    16.2    15.3     7.9     2.81 C    19.1    11.6    14.3    92.3    67.7    86.8   0.330   0.327   0.294   0.248   0.390    11.8    10.4    10.8    10.1    11.2
03758 20241230  2.622  -79.09   35.97    16.9     4.4    10.7    11.1     0.0     9.93 C    21.0     1.3     9.7    93.1    37.8    75.1   0.319   0.329   0.296   0.272   0.461    11.0    10.6    11.0    10.9    11.5
03758 20241231  2.622  -79.09   35.97    17.8     2.1     9.9     9.6     1.8     6.61 C    21.5    -0.1     8.7    95.2    58.9    83.6   0.311   0.323   0.292   0.269   0.493    10.1     9.8    10.2    10.8    11.7
